1684232754073 4.473288536071777 1
1684232754736 4.039079666137695 2
1684232755362 3.734738826751709 3
1684232755993 3.5305533409118652 4
1684232756616 3.378878593444824 5
1684232757242 3.2799181938171387 6
1684232757839 3.194024085998535 7
1684232758431 3.166208505630493 8
1684232759026 3.10207200050354 9
1684232759626 3.0759267807006836 10
1684232760220 3.0447545051574707 11
1684232760813 3.009213447570801 12
1684232761409 2.9939889907836914 13
1684232762003 2.9733548164367676 14
1684232762601 2.9675750732421875 15
1684232763220 2.9486489295959473 16
1684232763839 2.9498064517974854 17
1684232764434 2.93041729927063 18
1684232765033 2.9127068519592285 19
1684232765643 2.9117236137390137 20
1684232766252 2.8996098041534424 21
1684232766860 2.8987975120544434 22
1684232767464 2.889582633972168 23
1684232768092 2.8932294845581055 24
1684232768710 2.8789520263671875 25
1684232769304 2.8738553524017334 26
1684232769903 2.8710451126098633 27
1684232770500 2.8663272857666016 28
1684232771104 2.8592097759246826 29
1684232771700 2.8612148761749268 30
1684232772296 2.8537673950195312 31
1684232772890 2.854841709136963 32
1684232773487 2.8504128456115723 33
1684232774083 2.8488078117370605 34
1684232774687 2.8418638706207275 35
1684232775291 2.8391497135162354 36
1684232775899 2.833359718322754 37
1684232776498 2.8363466262817383 38
1684232777095 2.8300387859344482 39
1684232777689 2.8285539150238037 40
1684232778286 2.8299689292907715 41
1684232778880 2.8251171112060547 42
1684232779482 2.824911594390869 43
1684232780081 2.818647861480713 44
1684232780678 2.8145508766174316 45
1684232781286 2.8118624687194824 46
1684232781882 2.8093810081481934 47
1684232782476 2.807694435119629 48
1684232783075 2.8042407035827637 49
1684232783669 2.80216646194458 50
1684232784268 2.8000378608703613 51
1684232784865 2.8024861812591553 52
1684232785463 2.796945810317993 53
1684232786066 2.793951988220215 54
1684232786669 2.7895185947418213 55
1684232787273 2.7878379821777344 56
1684232787869 2.787168025970459 57
1684232788473 2.787289619445801 58
1684232789069 2.779778480529785 59
1684232789663 2.7758383750915527 60
1684232790257 2.772627592086792 61
1684232790852 2.7685635089874268 62
1684232791448 2.7645044326782227 63
1684232792046 2.7599611282348633 64
1684232792641 2.755274772644043 65
1684232793234 2.7512338161468506 66
1684232793832 2.743006706237793 67
1684232794428 2.737647771835327 68
1684232795030 2.7268786430358887 69
1684232795638 2.7260708808898926 70
1684232796245 2.7163736820220947 71
1684232796841 2.7066609859466553 72
1684232797440 2.698638439178467 73
1684232798035 2.691248893737793 74
1684232798630 2.676253080368042 75
1684232799233 2.6689445972442627 76
1684232799830 2.6648378372192383 77
1684232800428 2.648505449295044 78
1684232801023 2.642488479614258 79
1684232801617 2.621474266052246 80
1684232802212 2.6245975494384766 81
1684232802806 2.6115026473999023 82
1684232803399 2.6077377796173096 83
1684232803993 2.5933704376220703 84
1684232804587 2.5968568325042725 85
1684232805183 2.5813090801239014 86
1684232805781 2.5810465812683105 87
1684232806375 2.5759341716766357 88
1684232806968 2.570509672164917 89
1684232807565 2.56019926071167 90
1684232808161 2.564840316772461 91
1684232808761 2.555694580078125 92
1684232809364 2.545092821121216 93
1684232809969 2.5401322841644287 94
1684232810572 2.538278579711914 95
1684232811166 2.537707805633545 96
1684232811763 2.533277988433838 97
1684232812361 2.526968479156494 98
1684232812961 2.5240209102630615 99
1684232813559 2.5259387493133545 100
1684232814158 2.5132968425750732 101
1684232814756 2.5146288871765137 102
1684232815351 2.5168557167053223 103
1684232815947 2.5032577514648438 104
1684232816543 2.5104758739471436 105
1684232817140 2.507789134979248 106
1684232817735 2.50685977935791 107
1684232818333 2.501901149749756 108
1684232818929 2.5052545070648193 109
1684232819529 2.4962351322174072 110
1684232820128 2.4940385818481445 111
1684232820731 2.4926373958587646 112
1684232821329 2.490295886993408 113
1684232821926 2.4985625743865967 114
1684232822524 2.4741265773773193 115
1684232823121 2.476811408996582 116
1684232823721 2.4811997413635254 117
1684232824316 2.4810237884521484 118
1684232824911 2.4915289878845215 119
1684232825505 2.4725265502929688 120
1684232826100 2.47471284866333 121
1684232826697 2.4798192977905273 122
1684232827297 2.4790682792663574 123
1684232827899 2.4659018516540527 124
1684232828496 2.4656753540039062 125
1684232829104 2.4666593074798584 126
1684232829703 2.459549903869629 127
1684232830300 2.4708337783813477 128
1684232830895 2.459510087966919 129
1684232831492 2.460628032684326 130
1684232832090 2.459027051925659 131
1684232832688 2.4556379318237305 132
1684232833282 2.45355224609375 133
1684232833877 2.459650754928589 134
1684232834473 2.4500060081481934 135
1684232835068 2.4490468502044678 136
1684232835670 2.452491283416748 137
1684232836272 2.455120086669922 138
1684232836870 2.443756103515625 139
1684232837467 2.4513397216796875 140
1684232838061 2.4473519325256348 141
1684232838658 2.443432331085205 142
1684232839255 2.4559268951416016 143
1684232839848 2.4416799545288086 144
1684232840447 2.4444236755371094 145
1684232841042 2.4383552074432373 146
1684232841640 2.4426167011260986 147
1684232842234 2.437556743621826 148
1684232842832 2.4406914710998535 149
1684232843428 2.4354655742645264 150
