1683980640104 3.3952410221099854 1
1683980640699 2.9398112297058105 2
1683980641299 2.702986240386963 3
1683980641932 2.6084041595458984 4
1683980642570 2.5606114864349365 5
1683980643186 2.540893077850342 6
1683980643805 2.5306155681610107 7
1683980644446 2.517294406890869 8
1683980645086 2.501783847808838 9
1683980645693 2.4813733100891113 10
1683980646287 2.4642064571380615 11
1683980646883 2.444240093231201 12
1683980647481 2.4207870960235596 13
1683980648081 2.4048848152160645 14
1683980648681 2.390582799911499 15
1683980649280 2.381195068359375 16
1683980649876 2.3664371967315674 17
1683980650473 2.363358736038208 18
1683980651069 2.363058090209961 19
1683980651666 2.3468189239501953 20
1683980652264 2.3490371704101562 21
1683980652861 2.3343961238861084 22
1683980653457 2.3435609340667725 23
1683980654053 2.3440144062042236 24
1683980654647 2.337749719619751 25
