1684228781772 2206.453857421875 1
1684228782367 1195.3890380859375 2
1684228782960 616.3250732421875 3
1684228783583 337.65960693359375 4
1684228784180 192.67884826660156 5
1684228784774 111.99906921386719 6
1684228785368 74.01168823242188 7
1684228785960 52.3409309387207 8
1684228786552 39.194427490234375 9
1684228787145 32.64009094238281 10
1684228787739 27.94420623779297 11
1684228788332 25.253379821777344 12
1684228788927 23.87528419494629 13
1684228789557 22.48839569091797 14
1684228790182 21.465721130371094 15
1684228790791 20.30007553100586 16
1684228791408 20.106229782104492 17
1684228792009 19.5253963470459 18
1684228792620 18.586084365844727 19
1684228793229 17.41539764404297 20
1684228793835 17.869070053100586 21
1684228794442 17.18769073486328 22
1684228795041 16.599231719970703 23
1684228795639 16.383056640625 24
1684228796233 15.526060104370117 25
