1683980616936 2.858034372329712 1
1683980617534 2.648613452911377 2
1683980618133 2.547783136367798 3
1683980618727 2.51222562789917 4
1683980619346 2.488654136657715 5
1683980619982 2.477299690246582 6
1683980620585 2.466651439666748 7
1683980621182 2.448737621307373 8
1683980621782 2.4306650161743164 9
1683980622381 2.406186819076538 10
1683980622977 2.3905763626098633 11
1683980623573 2.375667095184326 12
1683980624171 2.357130289077759 13
1683980624791 2.3498525619506836 14
1683980625388 2.343362808227539 15
1683980625990 2.340473175048828 16
1683980626587 2.3302483558654785 17
1683980627184 2.332397937774658 18
1683980627782 2.337456464767456 19
1683980628380 2.322957754135132 20
1683980628979 2.325897216796875 21
1683980629576 2.3117258548736572 22
1683980630174 2.32204532623291 23
1683980630774 2.3221065998077393 24
1683980631368 2.316866636276245 25
