1683964802498 1.2728718519210815 1
1683964814066 0.7656258344650269 2
1683964825061 0.6999894380569458 3
1683964836800 0.6921169757843018 4
1683964847720 0.6905044913291931 5
1683964858591 0.6871927976608276 6
1683964869187 0.6844385862350464 7
1683964879959 0.6820215582847595 8
1683964890761 0.6788577437400818 9
1683964901429 0.6767973899841309 10
1683964912041 0.6729385256767273 11
1683964922835 0.6690766215324402 12
1683964933525 0.6661013960838318 13
1683964944229 0.6603714227676392 14
1683964956355 0.6549403667449951 15
1683964967852 0.6503264307975769 16
1683964978768 0.6469330787658691 17
1683964989759 0.6447008848190308 18
1683965000988 0.6417055130004883 19
1683965011960 0.6404848098754883 20
1683965023266 0.6370030641555786 21
1683965033596 0.6353651881217957 22
1683965043940 0.635385274887085 23
1683965055502 0.6336321830749512 24
1683965066739 0.6336947679519653 25
1683965078039 0.6297687888145447 26
1683965088175 0.6289458870887756 27
1683965099010 0.6298778653144836 28
1683965110271 0.6257712841033936 29
1683965120886 0.625576913356781 30
1683965132631 0.6240195035934448 31
1683965143836 0.6243622303009033 32
1683965154229 0.6247521638870239 33
1683965165778 0.6220993995666504 34
1683965176079 0.6204059720039368 35
1683965187057 0.6200048923492432 36
1683965198464 0.6186658143997192 37
1683965209189 0.6206147074699402 38
1683965220257 0.6183956861495972 39
1683965230671 0.6175013780593872 40
1683965242219 0.6171665787696838 41
1683965252420 0.6152933835983276 42
1683965263418 0.6167442798614502 43
1683965274053 0.6159305572509766 44
1683965286325 0.6124968528747559 45
1683965296697 0.6133410334587097 46
1683965307404 0.6111804842948914 47
1683965319065 0.611833930015564 48
1683965330333 0.6093850135803223 49
1683965341698 0.6103118062019348 50
