1684233046648 16.309085845947266 1
1684233047270 12.843311309814453 2
1684233047874 10.418413162231445 3
1684233048473 8.798529624938965 4
1684233049076 7.604017734527588 5
1684233049683 6.818739891052246 6
1684233050296 6.137613773345947 7
1684233050921 5.915363311767578 8
1684233051514 5.400125026702881 9
1684233052120 5.209303379058838 10
1684233052717 4.941092014312744 11
1684233053311 4.669067859649658 12
1684233053918 4.562850475311279 13
1684233054526 4.386866569519043 14
1684233055136 4.335895538330078 15
1684233055742 4.196926593780518 16
1684233056346 4.202952861785889 17
1684233056981 4.052336692810059 18
1684233057575 3.9130334854125977 19
1684233058202 3.9139020442962646 20
1684233058832 3.8024141788482666 21
1684233059442 3.812378168106079 22
1684233060061 3.7394447326660156 23
1684233060668 3.7672946453094482 24
1684233061262 3.6593570709228516 25
1684233061858 3.6202266216278076 26
1684233062494 3.593580722808838 27
1684233063094 3.5524790287017822 28
1684233063699 3.5018253326416016 29
1684233064294 3.5201730728149414 30
1684233064891 3.4598071575164795 31
1684233065482 3.4723434448242188 32
1684233066075 3.438553810119629 33
1684233066701 3.4250121116638184 34
1684233067301 3.3668198585510254 35
1684233067898 3.3612029552459717 36
1684233068491 3.3065426349639893 37
1684233069089 3.3417201042175293 38
1684233069692 3.300055503845215 39
1684233070291 3.2920937538146973 40
1684233070891 3.29472279548645 41
1684233071491 3.2535245418548584 42
1684233072099 3.2632386684417725 43
1684233072703 3.216524124145508 44
1684233073304 3.185854196548462 45
1684233073900 3.172985792160034 46
1684233074502 3.166613817214966 47
1684233075101 3.153093099594116 48
1684233075703 3.1367039680480957 49
1684233076304 3.121851921081543 50
1684233076903 3.119511365890503 51
1684233077508 3.143488883972168 52
1684233078141 3.109205484390259 53
1684233078766 3.1025660037994385 54
1684233079368 3.07619047164917 55
1684233079963 3.0684542655944824 56
1684233080564 3.0774106979370117 57
1684233081166 3.096980333328247 58
1684233081765 3.053166627883911 59
1684233082362 3.0495612621307373 60
1684233082981 3.039555788040161 61
1684233083584 3.0353965759277344 62
1684233084180 3.0174083709716797 63
1684233084819 3.012763738632202 64
1684233085415 3.007728338241577 65
1684233086049 3.0083513259887695 66
1684233086649 3.0059239864349365 67
1684233087243 2.9954819679260254 68
1684233087851 2.9716262817382812 69
1684233088448 2.9990835189819336 70
1684233089039 2.9798789024353027 71
1684233089629 2.9650392532348633 72
1684233090219 2.9689226150512695 73
1684233090812 2.954379081726074 74
1684233091403 2.955256938934326 75
1684233091994 2.947986364364624 76
1684233092584 2.9456369876861572 77
1684233093178 2.934802532196045 78
1684233093771 2.942988395690918 79
1684233094366 2.9327285289764404 80
1684233094959 2.9336013793945312 81
1684233095551 2.9342551231384277 82
1684233096140 2.918471336364746 83
1684233096731 2.9160215854644775 84
1684233097323 2.9129555225372314 85
1684233097917 2.9119091033935547 86
1684233098509 2.9004721641540527 87
1684233099099 2.8949990272521973 88
1684233099691 2.8992221355438232 89
1684233100283 2.888662815093994 90
1684233100874 2.88340425491333 91
1684233101465 2.887187957763672 92
1684233102058 2.883485794067383 93
1684233102649 2.875758647918701 94
1684233103239 2.875061511993408 95
1684233103831 2.870704174041748 96
1684233104421 2.872955560684204 97
1684233105013 2.867527961730957 98
1684233105607 2.8627424240112305 99
1684233106199 2.8624162673950195 100
1684233106793 2.856389045715332 101
1684233107408 2.8612167835235596 102
1684233108027 2.8642029762268066 103
1684233108670 2.8528389930725098 104
1684233109266 2.8522427082061768 105
1684233109859 2.850498676300049 106
1684233110468 2.845266819000244 107
1684233111064 2.8404970169067383 108
1684233111701 2.840531349182129 109
1684233112435 2.8425652980804443 110
1684233113052 2.840118408203125 111
1684233113653 2.837395191192627 112
1684233114246 2.831728935241699 113
1684233114869 2.83595609664917 114
1684233115468 2.8333168029785156 115
1684233116061 2.8276314735412598 116
1684233116661 2.8314459323883057 117
1684233117265 2.831357002258301 118
1684233117864 2.839341878890991 119
1684233118456 2.823563575744629 120
1684233119049 2.8225154876708984 121
1684233119648 2.8202595710754395 122
1684233120255 2.823671817779541 123
1684233120850 2.8143906593322754 124
1684233121455 2.814661979675293 125
1684233122059 2.8145811557769775 126
1684233122692 2.814876079559326 127
1684233123300 2.810447931289673 128
1684233123894 2.8111732006073 129
1684233124494 2.809821605682373 130
1684233125088 2.809269905090332 131
1684233125682 2.807279348373413 132
1684233126276 2.8048133850097656 133
1684233126880 2.8022279739379883 134
1684233127505 2.800480365753174 135
1684233128103 2.8027424812316895 136
1684233128697 2.799764633178711 137
1684233129292 2.800903797149658 138
1684233129898 2.801856756210327 139
1684233130498 2.7992725372314453 140
1684233131097 2.7987544536590576 141
1684233131693 2.7918975353240967 142
1684233132290 2.7957117557525635 143
1684233132883 2.7940282821655273 144
1684233133480 2.7908220291137695 145
1684233134075 2.7906718254089355 146
1684233134671 2.7899575233459473 147
1684233135267 2.7869322299957275 148
1684233135861 2.7862236499786377 149
1684233136459 2.7855515480041504 150
