1684232460030 2.9938948154449463 1
1684232460661 2.938281774520874 2
1684232461272 2.8981053829193115 3
1684232461872 2.8702850341796875 4
1684232462465 2.848629951477051 5
1684232463064 2.8342459201812744 6
1684232463657 2.8222885131835938 7
1684232464253 2.818124771118164 8
1684232464851 2.808917284011841 9
1684232465455 2.802457571029663 10
1684232466056 2.799304962158203 11
1684232466657 2.7927112579345703 12
1684232467251 2.786787748336792 13
1684232467848 2.783961772918701 14
1684232468444 2.7822084426879883 15
1684232469053 2.7757937908172607 16
1684232469650 2.7746503353118896 17
1684232470255 2.7692062854766846 18
1684232470853 2.7630934715270996 19
1684232471448 2.7567570209503174 20
1684232472040 2.75242280960083 21
1684232472630 2.7455894947052 22
1684232473221 2.7373275756835938 23
1684232473814 2.7298240661621094 24
1684232474408 2.717806816101074 25
1684232475002 2.706460475921631 26
1684232475593 2.6948330402374268 27
1684232476202 2.6840147972106934 28
1684232476865 2.6668813228607178 29
1684232477479 2.652660369873047 30
1684232478076 2.6362099647521973 31
1684232478668 2.623671293258667 32
1684232479265 2.6093602180480957 33
1684232479868 2.600266456604004 34
1684232480486 2.591391086578369 35
1684232481086 2.575305700302124 36
1684232481678 2.5761191844940186 37
1684232482272 2.559441566467285 38
1684232482865 2.544355869293213 39
1684232483463 2.5376482009887695 40
1684232484058 2.5414621829986572 41
1684232484649 2.5380516052246094 42
1684232485244 2.532339096069336 43
1684232485851 2.529512882232666 44
1684232486448 2.51106858253479 45
1684232487042 2.517334222793579 46
1684232487638 2.5024993419647217 47
1684232488229 2.5017647743225098 48
1684232488823 2.498058795928955 49
1684232489416 2.4954662322998047 50
1684232490009 2.4951024055480957 51
1684232490602 2.492351531982422 52
1684232491195 2.4902000427246094 53
1684232491786 2.481940269470215 54
1684232492376 2.477565050125122 55
1684232492972 2.4804601669311523 56
1684232493565 2.4844188690185547 57
1684232494157 2.475278854370117 58
1684232494751 2.4727392196655273 59
1684232495344 2.4671261310577393 60
1684232495936 2.4662997722625732 61
1684232496528 2.4637908935546875 62
1684232497122 2.4671573638916016 63
1684232497725 2.4648234844207764 64
1684232498351 2.459352493286133 65
1684232498948 2.457916736602783 66
1684232499574 2.450035810470581 67
1684232500178 2.4555273056030273 68
1684232500841 2.4490437507629395 69
1684232501465 2.4462521076202393 70
1684232502078 2.453763961791992 71
1684232502694 2.4450535774230957 72
1684232503303 2.441594123840332 73
1684232503897 2.4449703693389893 74
1684232504500 2.4366354942321777 75
1684232505102 2.431094169616699 76
1684232505699 2.447758674621582 77
1684232506292 2.4317679405212402 78
1684232506883 2.438912868499756 79
1684232507476 2.4237895011901855 80
1684232508075 2.4333605766296387 81
1684232508683 2.429753065109253 82
1684232509287 2.4274916648864746 83
1684232509877 2.4268157482147217 84
1684232510511 2.434152126312256 85
1684232511137 2.4180715084075928 86
1684232511747 2.4249515533447266 87
1684232512369 2.4214069843292236 88
1684232512985 2.4179911613464355 89
1684232513585 2.424562931060791 90
1684232514184 2.4242544174194336 91
1684232514778 2.4181056022644043 92
1684232515372 2.409383773803711 93
1684232515980 2.4111075401306152 94
1684232516614 2.408054828643799 95
1684232517240 2.406682014465332 96
1684232517837 2.409404754638672 97
1684232518435 2.4035890102386475 98
1684232519037 2.4015939235687256 99
1684232519650 2.403022527694702 100
1684232520278 2.3985040187835693 101
1684232520873 2.399965763092041 102
1684232521471 2.4045352935791016 103
1684232522063 2.3960564136505127 104
1684232522656 2.3983497619628906 105
1684232523249 2.397850275039673 106
1684232523841 2.401851177215576 107
1684232524433 2.3959803581237793 108
1684232525034 2.3966257572174072 109
1684232525645 2.3861680030822754 110
1684232526243 2.383781671524048 111
1684232526837 2.388735771179199 112
1684232527431 2.387636661529541 113
1684232528027 2.390005350112915 114
1684232528619 2.3714330196380615 115
1684232529217 2.3721694946289062 116
1684232529813 2.376188278198242 117
1684232530409 2.3770911693573 118
1684232531004 2.382932424545288 119
1684232531597 2.370349168777466 120
1684232532192 2.369130849838257 121
1684232532786 2.3813939094543457 122
1684232533377 2.3737401962280273 123
1684232533970 2.3719258308410645 124
1684232534563 2.368335247039795 125
1684232535157 2.371490240097046 126
1684232535748 2.3617641925811768 127
1684232536342 2.3666133880615234 128
1684232536936 2.3645339012145996 129
1684232537530 2.361919403076172 130
1684232538127 2.361184597015381 131
1684232538723 2.354729413986206 132
1684232539315 2.3527469635009766 133
1684232539910 2.358940362930298 134
1684232540503 2.3543620109558105 135
1684232541098 2.3522047996520996 136
1684232541689 2.357142925262451 137
1684232542281 2.3535408973693848 138
1684232542873 2.3448715209960938 139
1684232543465 2.3543853759765625 140
1684232544056 2.345255136489868 141
1684232544649 2.3470633029937744 142
1684232545241 2.35113525390625 143
1684232545835 2.3390321731567383 144
1684232546433 2.345551013946533 145
1684232547025 2.3375158309936523 146
1684232547621 2.340346097946167 147
1684232548217 2.341780185699463 148
1684232548811 2.3439083099365234 149
1684232549403 2.331552505493164 150
