1683980685950 6.622885704040527 1
1683980686547 4.686201095581055 2
1683980687143 3.6044912338256836 3
1683980687739 3.1089372634887695 4
1683980688335 2.8590588569641113 5
1683980688931 2.73279070854187 6
1683980689533 2.678842067718506 7
1683980690130 2.647836446762085 8
1683980690725 2.6264591217041016 9
1683980691322 2.6117398738861084 10
1683980691930 2.6019413471221924 11
1683980692539 2.5914974212646484 12
1683980693160 2.5796432495117188 13
1683980693769 2.568993330001831 14
1683980694375 2.5584356784820557 15
1683980694980 2.5495548248291016 16
1683980695578 2.5368807315826416 17
1683980696180 2.5275464057922363 18
1683980696792 2.5170438289642334 19
1683980697403 2.499217987060547 20
1683980698018 2.490781545639038 21
1683980698623 2.4742395877838135 22
1683980699219 2.469187021255493 23
1683980699816 2.4595754146575928 24
1683980700411 2.446575164794922 25
