1684232851689 6.164127349853516 1
1684232852304 5.2971720695495605 2
1684232852900 4.690178871154785 3
1684232853497 4.2837018966674805 4
1684232854092 3.983121871948242 5
1684232854687 3.7864651679992676 6
1684232855283 3.6151833534240723 7
1684232855883 3.5598225593566895 8
1684232856477 3.431201934814453 9
1684232857072 3.381633996963501 10
1684232857669 3.3166935443878174 11
1684232858263 3.247012138366699 12
1684232858858 3.218794822692871 13
1684232859452 3.176028251647949 14
1684232860047 3.1641688346862793 15
1684232860644 3.128021478652954 16
1684232861242 3.1300010681152344 17
1684232861836 3.0916316509246826 18
1684232862431 3.056697368621826 19
1684232863026 3.0557479858398438 20
1684232863623 3.0296871662139893 21
1684232864222 3.0304007530212402 22
1684232864817 3.012268543243408 23
1684232865412 3.0191900730133057 24
1684232866008 2.992050886154175 25
1684232866602 2.981853485107422 26
1684232867197 2.9758760929107666 27
1684232867792 2.965900421142578 28
1684232868392 2.952676296234131 29
1684232868988 2.9571967124938965 30
1684232869582 2.942174196243286 31
1684232870179 2.944995880126953 32
1684232870774 2.9366466999053955 33
1684232871368 2.9335267543792725 34
1684232871963 2.9192490577697754 35
1684232872557 2.9165592193603516 36
1684232873153 2.9037065505981445 37
1684232873749 2.9114739894866943 38
1684232874343 2.900696039199829 39
1684232874938 2.8980908393859863 40
1684232875537 2.8999297618865967 41
1684232876132 2.889918565750122 42
1684232876728 2.8916213512420654 43
1684232877324 2.8798012733459473 44
1684232877920 2.872697114944458 45
1684232878516 2.8684167861938477 46
1684232879116 2.866464138031006 47
1684232879716 2.863497495651245 48
1684232880319 2.858522415161133 49
1684232880925 2.8549671173095703 50
1684232881530 2.8539083003997803 51
1684232882135 2.8599143028259277 52
1684232882732 2.851099967956543 53
1684232883329 2.8493118286132812 54
1684232883926 2.842210531234741 55
1684232884521 2.8405351638793945 56
1684232885115 2.8424570560455322 57
1684232885711 2.8469436168670654 58
1684232886307 2.835679769515991 59
1684232886903 2.8344056606292725 60
1684232887501 2.8313913345336914 61
1684232888099 2.829838991165161 62
1684232888692 2.8256165981292725 63
1684232889289 2.823988676071167 64
1684232889885 2.8224825859069824 65
1684232890480 2.821939706802368 66
1684232891074 2.819568634033203 67
1684232891668 2.817668914794922 68
1684232892261 2.8101348876953125 69
1684232892854 2.8177151679992676 70
1684232893451 2.811965227127075 71
1684232894049 2.807457685470581 72
1684232894642 2.807645797729492 73
1684232895239 2.8042290210723877 74
1684232895832 2.800905704498291 75
1684232896424 2.7995686531066895 76
1684232897023 2.799461603164673 77
1684232897627 2.7933006286621094 78
1684232898233 2.795215129852295 79
1684232898831 2.7887439727783203 80
1684232899425 2.789649248123169 81
1684232900020 2.7872490882873535 82
1684232900614 2.7835960388183594 83
1684232901209 2.7803468704223633 84
1684232901805 2.7786998748779297 85
1684232902401 2.7761356830596924 86
1684232902996 2.7710423469543457 87
1684232903594 2.76715087890625 88
1684232904188 2.766037940979004 89
1684232904784 2.757878303527832 90
1684232905382 2.756368398666382 91
1684232905976 2.754417657852173 92
1684232906575 2.7475380897521973 93
1684232907170 2.7410337924957275 94
1684232907767 2.7359492778778076 95
1684232908366 2.7335386276245117 96
1684232908963 2.7279014587402344 97
1684232909560 2.7197365760803223 98
1684232910160 2.714271068572998 99
1684232910760 2.71109676361084 100
1684232911366 2.6970877647399902 101
1684232911962 2.693175792694092 102
1684232912556 2.6910321712493896 103
1684232913152 2.675138235092163 104
1684232913751 2.674856662750244 105
1684232914348 2.664581298828125 106
1684232914942 2.6564929485321045 107
1684232915539 2.6488142013549805 108
1684232916136 2.6448402404785156 109
1684232916736 2.636321783065796 110
1684232917331 2.6306469440460205 111
1684232917924 2.6225547790527344 112
1684232918529 2.6149067878723145 113
1684232919136 2.6177964210510254 114
1684232919737 2.5946426391601562 115
1684232920330 2.5939502716064453 116
1684232920925 2.5921547412872314 117
1684232921521 2.5915122032165527 118
1684232922121 2.5975775718688965 119
1684232922716 2.5752267837524414 120
1684232923310 2.5762979984283447 121
1684232923905 2.572812557220459 122
1684232924511 2.575101137161255 123
1684232925122 2.554095983505249 124
1684232925722 2.553527593612671 125
1684232926323 2.5550832748413086 126
1684232926921 2.548214912414551 127
1684232927519 2.5527448654174805 128
1684232928115 2.5440423488616943 129
1684232928710 2.5455322265625 130
1684232929306 2.540286064147949 131
1684232929902 2.534043550491333 132
1684232930502 2.531651258468628 133
1684232931098 2.5359113216400146 134
1684232931700 2.5243897438049316 135
1684232932307 2.525322914123535 136
1684232932912 2.5244922637939453 137
1684232933518 2.528557300567627 138
1684232934121 2.5155301094055176 139
1684232934717 2.5207769870758057 140
1684232935314 2.5171966552734375 141
1684232935918 2.510761022567749 142
1684232936514 2.5260987281799316 143
1684232937109 2.5120670795440674 144
1684232937703 2.509342670440674 145
1684232938297 2.504354476928711 146
1684232938894 2.5125370025634766 147
1684232939491 2.5001792907714844 148
1684232940088 2.5042264461517334 149
1684232940684 2.5018157958984375 150
