1684231897496 2.8343231678009033 1
1684231898110 2.8184378147125244 2
1684231898707 2.805645704269409 3
1684231899303 2.7954702377319336 4
1684231899898 2.7859020233154297 5
1684231900501 2.778874397277832 6
1684231901103 2.7727720737457275 7
1684231901703 2.7694854736328125 8
1684231902323 2.762763261795044 9
1684231902966 2.7548577785491943 10
1684231903573 2.7498726844787598 11
1684231904169 2.742265462875366 12
1684231904768 2.729571580886841 13
1684231905365 2.7227492332458496 14
1684231905960 2.713752031326294 15
1684231906559 2.6986706256866455 16
1684231907159 2.690082311630249 17
1684231907763 2.6764326095581055 18
1684231908375 2.6609442234039307 19
1684231908974 2.6372926235198975 20
1684231909582 2.6266608238220215 21
1684231910184 2.6110424995422363 22
1684231910778 2.5975964069366455 23
1684231911397 2.585148572921753 24
1684231912008 2.576366901397705 25
1684231912619 2.5673933029174805 26
1684231913261 2.5609655380249023 27
1684231913898 2.5539932250976562 28
1684231914504 2.54750919342041 29
1684231915103 2.5413763523101807 30
1684231915731 2.5314948558807373 31
1684231916351 2.5298337936401367 32
1684231916997 2.5235793590545654 33
1684231917635 2.522277355194092 34
1684231918274 2.521435260772705 35
1684231918874 2.5110530853271484 36
1684231919473 2.5146045684814453 37
1684231920070 2.503150224685669 38
1684231920670 2.4901909828186035 39
1684231921274 2.487301826477051 40
1684231921897 2.4964287281036377 41
1684231922516 2.496352195739746 42
1684231923120 2.4954421520233154 43
1684231923744 2.4912614822387695 44
1684231924345 2.47542142868042 45
1684231924965 2.484457492828369 46
1684231925585 2.472783088684082 47
1684231926210 2.4725258350372314 48
1684231926835 2.4708518981933594 49
1684231927459 2.464831829071045 50
1684231928088 2.4702935218811035 51
1684231928722 2.4648289680480957 52
1684231929326 2.46448016166687 53
1684231929950 2.4595329761505127 54
1684231930548 2.4568042755126953 55
1684231931152 2.457977771759033 56
1684231931766 2.464848518371582 57
1684231932379 2.4533333778381348 58
1684231932996 2.450977087020874 59
1684231933595 2.4465761184692383 60
1684231934213 2.446577548980713 61
1684231934836 2.4461801052093506 62
1684231935466 2.446897506713867 63
1684231936073 2.44710111618042 64
1684231936711 2.441840648651123 65
1684231937337 2.4412360191345215 66
1684231937936 2.432704448699951 67
1684231938535 2.4401886463165283 68
1684231939133 2.432405471801758 69
1684231939728 2.429056167602539 70
1684231940323 2.4378743171691895 71
1684231940915 2.428262710571289 72
1684231941512 2.4239723682403564 73
1684231942124 2.429379463195801 74
1684231942729 2.4200046062469482 75
1684231943330 2.415855884552002 76
1684231943924 2.434464931488037 77
1684231944520 2.4179468154907227 78
1684231945119 2.423703193664551 79
1684231945712 2.4100661277770996 80
1684231946320 2.418957471847534 81
1684231946919 2.416912794113159 82
1684231947530 2.410109043121338 83
1684231948133 2.4130356311798096 84
1684231948742 2.41835618019104 85
1684231949342 2.405514717102051 86
1684231949956 2.409903049468994 87
1684231950577 2.4060330390930176 88
1684231951190 2.402514696121216 89
1684231951820 2.413203239440918 90
1684231952443 2.40883731842041 91
1684231953058 2.4053263664245605 92
1684231953667 2.397857189178467 93
1684231954270 2.396608829498291 94
1684231954865 2.3927149772644043 95
1684231955490 2.3936867713928223 96
1684231956131 2.397495746612549 97
1684231956792 2.3913252353668213 98
1684231957408 2.386770725250244 99
1684231958018 2.3911173343658447 100
1684231958618 2.384553909301758 101
1684231959231 2.389514684677124 102
1684231959846 2.391378879547119 103
1684231960485 2.3856875896453857 104
1684231961101 2.3857531547546387 105
1684231961694 2.3847854137420654 106
1684231962311 2.388596534729004 107
1684231962946 2.382883071899414 108
1684231963537 2.382869243621826 109
1684231964133 2.373640775680542 110
1684231964726 2.3688201904296875 111
1684231965319 2.3744633197784424 112
1684231965915 2.376335382461548 113
1684231966505 2.3734188079833984 114
1684231967098 2.3593454360961914 115
1684231967687 2.3610448837280273 116
1684231968280 2.3628180027008057 117
1684231968873 2.3634753227233887 118
1684231969465 2.3672080039978027 119
1684231970058 2.3579866886138916 120
1684231970653 2.356322765350342 121
1684231971273 2.3680624961853027 122
1684231971933 2.3572654724121094 123
1684231972552 2.3563499450683594 124
1684231973161 2.3539602756500244 125
1684231973764 2.358877182006836 126
1684231974406 2.3524818420410156 127
1684231975008 2.3521523475646973 128
1684231975602 2.3527302742004395 129
1684231976203 2.348191738128662 130
1684231976797 2.3458824157714844 131
1684231977392 2.343418598175049 132
1684231977982 2.341684341430664 133
1684231978576 2.344214916229248 134
1684231979168 2.3420581817626953 135
1684231979766 2.340071201324463 136
1684231980366 2.3442797660827637 137
1684231980983 2.34098482131958 138
1684231981606 2.3301069736480713 139
1684231982229 2.3426976203918457 140
1684231982827 2.329474687576294 141
1684231983419 2.335181713104248 142
1684231984015 2.3359832763671875 143
1684231984610 2.3249547481536865 144
1684231985236 2.3302855491638184 145
1684231985831 2.326258420944214 146
1684231986456 2.325589418411255 147
1684231987065 2.3273892402648926 148
1684231987679 2.330167531967163 149
1684231988300 2.3167624473571777 150
