1683966701488 0.8278595805168152 1
1683966712389 0.7133374214172363 2
1683966723896 0.6896835565567017 3
1683966735437 0.6827187538146973 4
1683966746657 0.6789305210113525 5
1683966757790 0.6748679876327515 6
1683966768494 0.6708866357803345 7
1683966779576 0.6663011312484741 8
1683966791568 0.6611191034317017 9
1683966803277 0.6538324952125549 10
1683966817699 0.6497243642807007 11
1683966829658 0.6451443433761597 12
1683966841724 0.6406320929527283 13
1683966854119 0.637451171875 14
1683966866436 0.6342122554779053 15
1683966877786 0.631499707698822 16
1683967081369 0.6307583451271057 17
1683967093053 0.6295498013496399 18
1683967104530 0.6262983083724976 19
1683967115313 0.6268826723098755 20
1683967125979 0.6227607131004333 21
1683967136433 0.6239755153656006 22
1683967146570 0.6220609545707703 23
1683967157145 0.6231751441955566 24
1683967167762 0.6227060556411743 25
1683967178766 0.6167712807655334 26
1683967188920 0.6181361079216003 27
1683967199931 0.6209837794303894 28
1683967210779 0.6158289909362793 29
1683967220945 0.6166799664497375 30
1683967231956 0.6156796216964722 31
1683967242904 0.6170720458030701 32
1683967253288 0.6137999296188354 33
1683967264585 0.6122645139694214 34
1683967275994 0.6111695766448975 35
1683967287206 0.6110033392906189 36
1683967298390 0.6099735498428345 37
1683967308534 0.6112543344497681 38
1683967319713 0.6087464094161987 39
1683967330251 0.6073733568191528 40
1683967342385 0.6091985106468201 41
1683967352905 0.6068428754806519 42
1683967364381 0.6068344116210938 43
1683967374778 0.6069093942642212 44
1683967386584 0.6046675443649292 45
1683967396857 0.6029177904129028 46
1683967407425 0.6019717454910278 47
1683967419123 0.6019331812858582 48
1683967429576 0.6008357405662537 49
1683967441902 0.6010827422142029 50
