1683897230795 0.7313074469566345 1
1683897241316 0.7220460176467896 2
1683897251554 0.7176618576049805 3
1683897261465 0.7146404981613159 4
1683897271438 0.7109341621398926 5
1683897281315 0.7067340612411499 6
1683897291263 0.7022547721862793 7
1683897301944 0.7025949954986572 8
1683897312121 0.6976627707481384 9
1683897321892 0.6976375579833984 10
1683897331839 0.6969543695449829 11
1683897341869 0.6934233903884888 12
1683897352019 0.6902400255203247 13
1683897361857 0.691149890422821 14
1683897371808 0.6843323111534119 15
1683897381987 0.6856344938278198 16
1683897392141 0.6877634525299072 17
1683897402154 0.6831380128860474 18
1683897412354 0.6825070381164551 19
1683897422378 0.6805564761161804 20
1683897432261 0.6799472570419312 21
1683897442134 0.6768733263015747 22
1683897452016 0.6779291033744812 23
1683897461994 0.6761733293533325 24
1683897472088 0.6759733557701111 25
1683897482218 0.6735663414001465 26
1683897492650 0.6717085838317871 27
1683897502714 0.6731993556022644 28
1683897512192 0.6714656352996826 29
1683897522445 0.6697394847869873 30
1683897532705 0.6705771684646606 31
1683897542110 0.667438268661499 32
1683897552318 0.6672466993331909 33
1683897562548 0.6657428741455078 34
1683897571850 0.6655104160308838 35
1683897581933 0.6644816398620605 36
1683897591326 0.6650776863098145 37
1683897601393 0.6647365093231201 38
1683897611110 0.6618313193321228 39
1683897621142 0.6613510847091675 40
1683897630993 0.6586130261421204 41
1683897642659 0.6583117246627808 42
1683897652174 0.6588868498802185 43
1683897663125 0.6599959135055542 44
1683897672762 0.6544601321220398 45
1683897683065 0.6558102369308472 46
1683897692651 0.6545370817184448 47
1683897701915 0.6542421579360962 48
1683897712219 0.651603639125824 49
1683897721656 0.6529708504676819 50
1683897732096 0.6526330709457397 51
1683897741413 0.6500672101974487 52
1683897750720 0.6514960527420044 53
1683897761024 0.6492669582366943 54
1683897770565 0.649313747882843 55
1683897842430 0.644957959651947 56
1683897851789 0.6501204371452332 57
1683897861037 0.6473811864852905 58
1683897871605 0.64866042137146 59
1683897880930 0.645842432975769 60
1683897890314 0.6449609994888306 61
1683897901359 0.6458681225776672 62
1683897910796 0.6424850821495056 63
1683897920449 0.6428170204162598 64
1683897931832 0.6429395079612732 65
1683897942579 0.6454364657402039 66
1683897952792 0.6415503621101379 67
1683897963895 0.6416342258453369 68
1683897973576 0.6409196853637695 69
1683897984011 0.6395750045776367 70
1683897994035 0.6411260962486267 71
1683898005252 0.6386040449142456 72
1683898015079 0.639117956161499 73
1683898025316 0.6401926875114441 74
1683898036689 0.6393615007400513 75
1683898046361 0.6391815543174744 76
1683898056086 0.6383851766586304 77
1683898065358 0.6369315385818481 78
1683898076149 0.6393054723739624 79
1683898085426 0.6387137174606323 80
1683898094993 0.6377498507499695 81
1683898104197 0.6363938450813293 82
1683898115333 0.6360266208648682 83
1683898124617 0.6371474266052246 84
1683898134143 0.6357830762863159 85
1683898143575 0.6341713666915894 86
1683898154741 0.6341685652732849 87
1683898164270 0.6343741416931152 88
1683898173744 0.6341820359230042 89
1683898183255 0.636036217212677 90
