1683973574581 2.778412342071533 1
1683973574681 2.7707278728485107 2
1683973574783 2.7631163597106934 3
1683973574879 2.755826711654663 4
1683973574973 2.7443761825561523 5
1683973575071 2.735623359680176 6
1683973575171 2.7239136695861816 7
1683973575273 2.7162065505981445 8
1683973575370 2.701402187347412 9
1683973575467 2.683180332183838 10
1683973575565 2.664647340774536 11
1683973575661 2.649428367614746 12
1683973575757 2.6236863136291504 13
1683973575853 2.614318609237671 14
1683973575950 2.6017136573791504 15
1683973576046 2.5895063877105713 16
1683973576140 2.58817720413208 17
1683973576239 2.5859241485595703 18
1683973576336 2.5800583362579346 19
1683973576434 2.5528910160064697 20
1683973576531 2.5552525520324707 21
1683973576626 2.545490264892578 22
1683973576721 2.54298996925354 23
1683973576817 2.534331798553467 24
1683973576912 2.5309531688690186 25
1683973577005 2.531022071838379 26
1683973577102 2.526240110397339 27
1683973577202 2.518044948577881 28
1683973577300 2.5182905197143555 29
1683973577398 2.512113571166992 30
1683973577493 2.5071420669555664 31
1683973577587 2.5073094367980957 32
1683973577685 2.503356456756592 33
1683973577780 2.501845598220825 34
1683973577873 2.505990982055664 35
1683973577971 2.4938011169433594 36
1683973578068 2.5006630420684814 37
1683973578166 2.4920856952667236 38
1683973578266 2.476053237915039 39
1683973578365 2.4783308506011963 40
1683973578458 2.4833598136901855 41
1683973578553 2.4825472831726074 42
1683973578649 2.4887757301330566 43
1683973578746 2.4831745624542236 44
1683973578839 2.469097137451172 45
1683973578933 2.4791131019592285 46
1683973579030 2.466806650161743 47
1683973579126 2.4642796516418457 48
1683973579223 2.4675002098083496 49
1683973579322 2.4583559036254883 50
1683973579417 2.463770866394043 51
1683973579513 2.459110736846924 52
1683973579605 2.462643623352051 53
1683973579700 2.455152988433838 54
1683973579797 2.4528560638427734 55
1683973579892 2.4538278579711914 56
1683973579987 2.461402416229248 57
1683973580084 2.449629783630371 58
1683973580182 2.4499363899230957 59
1683973580281 2.4408164024353027 60
1683973580377 2.446012496948242 61
1683973580472 2.4444026947021484 62
1683973580567 2.447279930114746 63
1683973580665 2.4455697536468506 64
1683973580759 2.4418461322784424 65
1683973580857 2.439443349838257 66
1683973580955 2.4310545921325684 67
1683973581052 2.438594341278076 68
1683973581150 2.4328346252441406 69
1683973581252 2.430436134338379 70
1683973581349 2.4395089149475098 71
1683973581444 2.4277310371398926 72
1683973581539 2.4223666191101074 73
1683973581636 2.4294514656066895 74
1683973581734 2.4200968742370605 75
1683973581827 2.4144160747528076 76
1683973581925 2.4361143112182617 77
1683973582019 2.4202961921691895 78
1683973582114 2.4255447387695312 79
1683973582209 2.41117000579834 80
1683973582305 2.4174246788024902 81
1683973582400 2.421358108520508 82
1683973582494 2.4086413383483887 83
1683973582592 2.4159140586853027 84
1683973582687 2.418644428253174 85
1683973582783 2.407951831817627 86
1683973582876 2.411606788635254 87
1683973582971 2.4059009552001953 88
1683973583067 2.404918909072876 89
1683973583160 2.4159629344940186 90
1683973583260 2.4109835624694824 91
1683973583358 2.408132791519165 92
1683973583455 2.400268316268921 93
1683973583552 2.3998022079467773 94
1683973583646 2.393733263015747 95
1683973583742 2.396747589111328 96
1683973583838 2.399563789367676 97
1683973583933 2.39342999458313 98
1683973584027 2.3884763717651367 99
1683973584124 2.3963699340820312 100
1683973584222 2.386005163192749 101
1683973584316 2.3961586952209473 102
1683973584412 2.3936078548431396 103
1683973584509 2.389338493347168 104
1683973584607 2.388103485107422 105
1683973584704 2.387880563735962 106
1683973584801 2.3909122943878174 107
1683973584896 2.387072801589966 108
1683973584993 2.3863348960876465 109
1683973585090 2.3799309730529785 110
1683973585188 2.374157667160034 111
1683973585286 2.3774502277374268 112
1683973585380 2.3820483684539795 113
1683973585476 2.375236749649048 114
1683973585569 2.362603187561035 115
1683973585663 2.3676798343658447 116
1683973585761 2.367614984512329 117
1683973585858 2.36604642868042 118
1683973585957 2.370809555053711 119
1683973586054 2.3630566596984863 120
1683973586150 2.359890937805176 121
1683973586247 2.370159387588501 122
1683973586344 2.360405921936035 123
1683973586441 2.3597891330718994 124
1683973586536 2.3587698936462402 125
1683973586629 2.3644628524780273 126
1683973586725 2.35809063911438 127
1683973586819 2.3569529056549072 128
1683973586911 2.3563156127929688 129
1683973587006 2.356271266937256 130
1683973587106 2.349222183227539 131
1683973587203 2.351271152496338 132
1683973587297 2.3469836711883545 133
1683973587393 2.3512516021728516 134
1683973587491 2.3506264686584473 135
1683973587586 2.343641757965088 136
1683973587681 2.348224639892578 137
1683973587777 2.3486311435699463 138
1683973587874 2.3363358974456787 139
1683973587970 2.3483693599700928 140
1683973588063 2.3366289138793945 141
1683973588165 2.3403244018554688 142
1683973588265 2.340226650238037 143
1683973588362 2.3315846920013428 144
1683973588457 2.3361849784851074 145
1683973588549 2.3329877853393555 146
1683973588647 2.329430103302002 147
1683973588743 2.3324570655822754 148
1683973588839 2.3344719409942627 149
1683973588932 2.3234615325927734 150
