1683966124411 0.7795543670654297 1
1683966135298 0.7023942470550537 2
1683966146930 0.683601975440979 3
1683966158636 0.6786845922470093 4
1683966169992 0.6759588122367859 5
1683966181281 0.6700387001037598 6
1683966192602 0.6647891998291016 7
1683966203690 0.6603567004203796 8
1683966214493 0.6536016464233398 9
1683966225550 0.6481947898864746 10
1683966236079 0.6443188190460205 11
1683966246823 0.6425139904022217 12
1683966257539 0.6364116668701172 13
1683966268462 0.6352677345275879 14
1683966279869 0.6321382522583008 15
1683966290598 0.6268903613090515 16
1683966301557 0.6291994452476501 17
1683966313000 0.6271059513092041 18
1683966324911 0.6245386600494385 19
1683966335994 0.6229058504104614 20
1683966347003 0.6202901601791382 21
1683966357906 0.6220502257347107 22
1683966368419 0.6213452219963074 23
1683966379681 0.6215020418167114 24
1683966390500 0.6201273798942566 25
1683966401435 0.617218017578125 26
1683966411482 0.6133943796157837 27
1683966422381 0.6173660755157471 28
1683966433499 0.6157227754592896 29
1683966443762 0.6146227121353149 30
1683966454931 0.6120036244392395 31
1683966465929 0.6140249967575073 32
1683966476256 0.6122574806213379 33
1683966487396 0.609390139579773 34
1683966497952 0.6089706420898438 35
1683966510167 0.6081263422966003 36
1683966521897 0.607379138469696 37
1683966532630 0.6098021268844604 38
1683966543979 0.609084963798523 39
1683966554296 0.6079173684120178 40
1683966566111 0.6053248643875122 41
1683966576654 0.6043504476547241 42
1683966587870 0.6065940260887146 43
1683966598397 0.6034755706787109 44
1683966610073 0.6024570465087891 45
1683966620546 0.6027249693870544 46
1683966630738 0.5992211699485779 47
1683966642040 0.5991270542144775 48
1683966652343 0.6008443236351013 49
1683966663700 0.5971714854240417 50
