1683980824197 277.8351745605469 1
1683980824815 151.4849853515625 2
1683980825408 79.14501953125 3
1683980826004 44.35708999633789 4
1683980826596 26.266475677490234 5
1683980827195 16.213380813598633 6
1683980827812 11.487159729003906 7
1683980828439 8.794248580932617 8
1683980829069 7.1608171463012695 9
1683980829718 6.346564769744873 10
1683980830313 5.76619815826416 11
1683980830906 5.433559894561768 12
1683980831503 5.26145076751709 13
1683980832107 5.0892534255981445 14
1683980832717 4.963314056396484 15
1683980833327 4.820364952087402 16
1683980833930 4.794792175292969 17
1683980834529 4.724354267120361 18
1683980835132 4.607303142547607 19
1683980835740 4.459473133087158 20
1683980836347 4.516300201416016 21
1683980836960 4.430037975311279 22
1683980837561 4.358646869659424 23
1683980838164 4.330084800720215 24
1683980838766 4.224031448364258 25
