1684228758187 1104.384033203125 1
1684228758785 598.8740234375 2
1684228759414 309.3666076660156 3
1684228760036 170.05897521972656 4
1684228760656 97.5853271484375 5
1684228761265 57.2641487121582 6
1684228761858 38.28365707397461 7
1684228762450 27.457839965820312 8
1684228763043 20.88997459411621 9
1684228763635 17.615997314453125 10
1684228764229 15.27183723449707 11
1684228764827 13.928488731384277 12
1684228765421 13.23961067199707 13
1684228766013 12.546814918518066 14
1684228766610 12.036260604858398 15
1684228767204 11.455683708190918 16
1684228767799 11.357671737670898 17
1684228768393 11.068910598754883 18
1684228768988 10.599601745605469 19
1684228769584 10.01333236694336 20
1684228770179 10.24036979675293 21
1684228770775 9.899093627929688 22
1684228771368 9.605445861816406 23
1684228771961 9.496484756469727 24
1684228772556 9.069202423095703 25
