1683905147565 0.6951314806938171 1
1683905157417 0.6926141977310181 2
1683905167284 0.6911248564720154 3
1683905177014 0.6897978782653809 4
1683905186810 0.6881005764007568 5
1683905196454 0.6867169141769409 6
1683905206155 0.6847852468490601 7
1683905216018 0.6832897067070007 8
1683905225828 0.6813524961471558 9
1683905235663 0.6779884099960327 10
1683905245249 0.6743890643119812 11
1683905254905 0.6703392267227173 12
1683905264836 0.6650179624557495 13
1683905274673 0.6589333415031433 14
1683905284367 0.6511890292167664 15
1683905294089 0.6446362733840942 16
1683905304178 0.6434357166290283 17
1683905313977 0.6374949812889099 18
1683905323789 0.634548008441925 19
1683905333147 0.6321397423744202 20
1683905342961 0.6309114694595337 21
1683905352786 0.6306284070014954 22
1683905362569 0.6286835074424744 23
1683905372389 0.6298030018806458 24
1683905382175 0.6296257972717285 25
1683905391488 0.6252697110176086 26
1683905401435 0.624752402305603 27
1683905411419 0.6228294968605042 28
1683905420784 0.6212450861930847 29
1683905430685 0.622020959854126 30
1683905440659 0.6185954809188843 31
1683905449998 0.6191648244857788 32
1683905460024 0.6203005909919739 33
1683905470074 0.6190252304077148 34
1683905479378 0.6169148683547974 35
1683905489394 0.6166110038757324 36
1683905498755 0.6172183752059937 37
1683905508763 0.6166447401046753 38
1683905518123 0.615736186504364 39
1683905528269 0.6128248572349548 40
1683905537609 0.6140797138214111 41
1683905547783 0.6144148111343384 42
1683905557148 0.6145098209381104 43
1683905567390 0.6130781769752502 44
1683905576756 0.6106127500534058 45
1683905586985 0.6115731596946716 46
1683905596328 0.6092022657394409 47
1683905606657 0.6101250052452087 48
1683905616052 0.608244001865387 49
1683905625405 0.6075500249862671 50
1683905635819 0.6084752082824707 51
1683905645234 0.6065028309822083 52
1683905655543 0.6071681380271912 53
1683905664888 0.6062301993370056 54
1683905674235 0.6077687740325928 55
1683905684644 0.6053904891014099 56
1683905694001 0.6069791913032532 57
1683905703415 0.6055052280426025 58
1683905713861 0.6051132082939148 59
1683905723225 0.6050085425376892 60
1683905732555 0.6030861735343933 61
1683905743036 0.6023263931274414 62
1683905752381 0.6022888422012329 63
1683905761718 0.5996734499931335 64
1683905772188 0.6004178524017334 65
1683905781546 0.6021645069122314 66
1683905790929 0.5986118912696838 67
1683905801479 0.5990181565284729 68
1683905810858 0.6004713773727417 69
1683905820235 0.5988922715187073 70
1683905830983 0.5979806184768677 71
1683905840363 0.5956867933273315 72
1683905849741 0.5961061716079712 73
1683905859212 0.5954650640487671 74
1683905870148 0.5947083830833435 75
1683905880160 0.593384861946106 76
1683905889823 0.5930132269859314 77
1683905899202 0.5914303660392761 78
1683905909956 0.5926553010940552 79
1683905919333 0.5893377661705017 80
1683905928702 0.5909484624862671 81
1683905939645 0.5889856219291687 82
1683905949046 0.5875675678253174 83
1683905958474 0.5862302780151367 84
1683905967878 0.5844758749008179 85
1683905979196 0.5837811827659607 86
1683905988555 0.5854219794273376 87
1683905997920 0.5841885209083557 88
1683906007355 0.5814952850341797 89
1683906016951 0.5824270248413086 90
1683906028058 0.5805432796478271 91
1683906037989 0.5775256156921387 92
1683906047418 0.5784515142440796 93
1683906056790 0.5762887597084045 94
1683906067835 0.574965238571167 95
1683906077131 0.5729523301124573 96
1683906086550 0.572041928768158 97
1683906095877 0.5719766020774841 98
1683906105122 0.5672187209129333 99
1683906116769 0.5646659731864929 100
