1684232655916 3.6279048919677734 1
1684232656531 3.409980297088623 2
1684232657131 3.256730556488037 3
1684232657743 3.1533658504486084 4
1684232658364 3.0765485763549805 5
1684232658988 3.026137113571167 6
1684232659604 2.9828805923461914 7
1684232660201 2.9689486026763916 8
1684232660796 2.936713457107544 9
1684232661395 2.922222137451172 10
1684232662002 2.9076273441314697 11
1684232662624 2.889395236968994 12
1684232663238 2.8800718784332275 13
1684232663837 2.87068772315979 14
1684232664441 2.8679988384246826 15
1684232665041 2.857346296310425 16
1684232665643 2.8581490516662598 17
1684232666255 2.8480024337768555 18
1684232666863 2.8387503623962402 19
1684232667472 2.8373804092407227 20
1684232668080 2.832111120223999 21
1684232668675 2.8303775787353516 22
1684232669274 2.8254683017730713 23
1684232669877 2.826936960220337 24
1684232670502 2.819243907928467 25
1684232671119 2.8160040378570557 26
1684232671736 2.814633846282959 27
1684232672361 2.8122024536132812 28
1684232672971 2.8076043128967285 29
1684232673582 2.8075432777404785 30
1684232674186 2.8035459518432617 31
1684232674789 2.8031344413757324 32
1684232675390 2.799828052520752 33
1684232675989 2.798394203186035 34
1684232676583 2.7940821647644043 35
1684232677178 2.790222644805908 36
1684232677773 2.787106990814209 37
1684232678369 2.7856671810150146 38
1684232678965 2.779768228530884 39
1684232679560 2.7766354084014893 40
1684232680153 2.7762022018432617 41
1684232680748 2.7717227935791016 42
1684232681341 2.767472982406616 43
1684232681933 2.760246753692627 44
1684232682527 2.7531466484069824 45
1684232683130 2.7491397857666016 46
1684232683737 2.7390222549438477 47
1684232684336 2.7322816848754883 48
1684232684944 2.723515272140503 49
1684232685537 2.7168986797332764 50
1684232686130 2.705848455429077 51
1684232686724 2.6982202529907227 52
1684232687321 2.687901735305786 53
1684232687916 2.6706981658935547 54
1684232688519 2.6595520973205566 55
1684232689123 2.6499085426330566 56
1684232689721 2.6423685550689697 57
1684232690330 2.6277406215667725 58
1684232690953 2.614835500717163 59
1684232691586 2.602649450302124 60
1684232692192 2.598104238510132 61
1684232692791 2.5850672721862793 62
1684232693399 2.5821871757507324 63
1684232694021 2.5735249519348145 64
1684232694667 2.5643370151519775 65
1684232695293 2.561112880706787 66
1684232695903 2.5468783378601074 67
1684232696510 2.546337127685547 68
1684232697111 2.5396790504455566 69
1684232697741 2.535846710205078 70
1684232698368 2.53498911857605 71
1684232698988 2.5259039402008057 72
1684232699584 2.522559881210327 73
1684232700179 2.5218071937561035 74
1684232700779 2.5118408203125 75
1684232701382 2.504945755004883 76
1684232701981 2.516300678253174 77
1684232702577 2.5016469955444336 78
1684232703169 2.507319927215576 79
1684232703766 2.488368511199951 80
1684232704370 2.500800609588623 81
1684232704965 2.4918136596679688 82
1684232705571 2.494899034500122 83
1684232706165 2.485870599746704 84
1684232706769 2.495189666748047 85
1684232707363 2.4788780212402344 86
1684232707957 2.486693859100342 87
1684232708555 2.4840176105499268 88
1684232709151 2.4786972999572754 89
1684232709748 2.4793930053710938 90
1684232710343 2.4824650287628174 91
1684232710939 2.4728822708129883 92
1684232711535 2.4656264781951904 93
1684232712129 2.46553897857666 94
1684232712724 2.4656734466552734 95
1684232713336 2.463683605194092 96
1684232713935 2.4640438556671143 97
1684232714536 2.457998752593994 98
1684232715128 2.457333564758301 99
1684232715724 2.4575462341308594 100
1684232716318 2.4511756896972656 101
1684232716911 2.4526267051696777 102
1684232717505 2.4549288749694824 103
1684232718101 2.4452967643737793 104
1684232718700 2.4498820304870605 105
1684232719320 2.4494683742523193 106
1684232719968 2.4525110721588135 107
1684232720570 2.445488929748535 108
1684232721183 2.4481899738311768 109
1684232721789 2.4391255378723145 110
1684232722397 2.436995506286621 111
1684232722993 2.438621997833252 112
1684232723615 2.4368793964385986 113
1684232724258 2.4442038536071777 114
1684232724852 2.421147346496582 115
1684232725445 2.424288749694824 116
1684232726038 2.4282381534576416 117
1684232726633 2.430119276046753 118
1684232727230 2.4372670650482178 119
1684232727823 2.4215738773345947 120
1684232728416 2.4228932857513428 121
1684232729011 2.4314846992492676 122
1684232729605 2.4284002780914307 123
1684232730200 2.4199135303497314 124
1684232730791 2.4183363914489746 125
1684232731383 2.4203310012817383 126
1684232731974 2.410966396331787 127
1684232732570 2.4207448959350586 128
1684232733165 2.4131741523742676 129
1684232733757 2.4120593070983887 130
1684232734348 2.411346673965454 131
1684232734941 2.406446933746338 132
1684232735534 2.404677391052246 133
1684232736125 2.4128806591033936 134
1684232736722 2.4041860103607178 135
1684232737317 2.4031479358673096 136
1684232737909 2.40749192237854 137
1684232738506 2.4067673683166504 138
1684232739098 2.3975534439086914 139
1684232739691 2.4060020446777344 140
1684232740283 2.402332067489624 141
1684232740876 2.3985393047332764 142
1684232741468 2.40932559967041 143
1684232742060 2.394228458404541 144
1684232742654 2.3996894359588623 145
1684232743246 2.3912198543548584 146
1684232743840 2.395064353942871 147
1684232744433 2.3945672512054443 148
1684232745029 2.394845962524414 149
1684232745623 2.3890833854675293 150
