1684233439570 219.20465087890625 1
1684233440191 163.7644500732422 2
1684233440822 125.0130615234375 3
1684233441444 99.10449981689453 4
1684233442050 80.01019287109375 5
1684233442714 67.47199249267578 6
1684233443354 56.56763458251953 7
1684233443957 53.01734924316406 8
1684233444555 44.768348693847656 9
1684233445151 41.73884582519531 10
1684233445747 37.414794921875 11
1684233446345 33.0837516784668 12
1684233446955 31.430660247802734 13
1684233447551 28.578624725341797 14
1684233448146 27.75144386291504 15
1684233448781 25.564266204833984 16
1684233449401 25.630937576293945 17
1684233450017 23.266210556030273 18
1684233450661 21.028804779052734 19
1684233451295 21.0575008392334 20
1684233451907 19.223424911499023 21
1684233452538 19.42510986328125 22
1684233453177 18.260469436645508 23
1684233453792 18.70685577392578 24
1684233454407 16.97854232788086 25
1684233455019 16.344444274902344 26
1684233455637 15.909438133239746 27
1684233456249 15.24600601196289 28
1684233456875 14.437920570373535 29
1684233457490 14.739776611328125 30
1684233458120 13.764456748962402 31
1684233458749 13.960291862487793 32
1684233459343 13.438156127929688 33
1684233459953 13.207757949829102 34
1684233460582 12.280667304992676 35
1684233461204 12.204547882080078 36
1684233461812 11.313680648803711 37
1684233462448 11.89171028137207 38
1684233463064 11.227374076843262 39
1684233463686 11.113442420959473 40
1684233464293 11.142394065856934 41
1684233464894 10.469379425048828 42
1684233465511 10.630788803100586 43
1684233466142 9.877119064331055 44
1684233466749 9.381473541259766 45
1684233467369 9.1865816116333 46
1684233467965 9.091631889343262 47
1684233468559 8.86442756652832 48
1684233469151 8.616255760192871 49
1684233469742 8.373052597045898 50
1684233470334 8.340946197509766 51
1684233470959 8.725268363952637 52
1684233471559 8.171897888183594 53
1684233472155 8.068300247192383 54
1684233472751 7.652997016906738 55
1684233473346 7.539509296417236 56
1684233473948 7.6539764404296875 57
1684233474553 8.016472816467285 58
1684233475158 7.277713298797607 59
1684233475792 7.231156826019287 60
1684233476418 7.053647518157959 61
1684233477038 6.993515491485596 62
1684233477642 6.720685005187988 63
1684233478269 6.6239495277404785 64
1684233478902 6.535683631896973 65
1684233479504 6.570296287536621 66
1684233480105 6.5368757247924805 67
1684233480753 6.348905563354492 68
1684233481379 5.984766960144043 69
1684233482007 6.418348789215088 70
1684233482606 6.122374057769775 71
1684233483202 5.876267433166504 72
1684233483807 5.9412007331848145 73
1684233484429 5.696407318115234 74
1684233485042 5.738850116729736 75
1684233485681 5.614308834075928 76
1684233486308 5.570127010345459 77
1684233486948 5.4157609939575195 78
1684233487613 5.512285232543945 79
1684233488244 5.390082359313965 80
1684233488848 5.386097431182861 81
1684233489444 5.398777961730957 82
1684233490040 5.140817642211914 83
1684233490637 5.105309009552002 84
1684233491233 5.061680793762207 85
1684233491839 5.045868873596191 86
1684233492453 4.872394561767578 87
1684233493052 4.774133205413818 88
1684233493651 4.839651107788086 89
1684233494263 4.6836090087890625 90
1684233494872 4.594609260559082 91
1684233495490 4.655113697052002 92
1684233496097 4.60500431060791 93
1684233496714 4.492093086242676 94
1684233497335 4.482231616973877 95
1684233497959 4.404728412628174 96
1684233498557 4.436334609985352 97
1684233499176 4.353840351104736 98
1684233499820 4.282463073730469 99
1684233500424 4.27509880065918 100
1684233501022 4.203279495239258 101
1684233501621 4.262600898742676 102
1684233502213 4.309556007385254 103
1684233502807 4.146838188171387 104
1684233503403 4.115841388702393 105
1684233503996 4.103984355926514 106
1684233504590 4.020797252655029 107
1684233505205 3.9476988315582275 108
1684233505807 3.944765567779541 109
1684233506435 3.9850943088531494 110
1684233507046 3.9354372024536133 111
1684233507653 3.9143691062927246 112
1684233508255 3.8093249797821045 113
1684233508864 3.8753645420074463 114
1684233509460 3.844177007675171 115
1684233510056 3.7735157012939453 116
1684233510648 3.8308396339416504 117
1684233511275 3.8249948024749756 118
1684233511908 3.9357876777648926 119
1684233512507 3.7136824131011963 120
1684233513099 3.703972101211548 121
1684233513694 3.6472949981689453 122
1684233514315 3.702467441558838 123
1684233514945 3.597546339035034 124
1684233515544 3.5999629497528076 125
1684233516175 3.5969951152801514 126
1684233516797 3.6081204414367676 127
1684233517403 3.5334384441375732 128
1684233518022 3.555877208709717 129
1684233518638 3.5296478271484375 130
1684233519262 3.523240566253662 131
1684233519888 3.512347936630249 132
1684233520487 3.455557107925415 133
1684233521112 3.438107967376709 134
1684233521720 3.4160618782043457 135
1684233522330 3.4378597736358643 136
1684233522985 3.4017350673675537 137
1684233523618 3.4294047355651855 138
1684233524221 3.4487314224243164 139
1684233524815 3.4207777976989746 140
1684233525415 3.4230504035949707 141
1684233526012 3.321300745010376 142
1684233526610 3.3392910957336426 143
1684233527212 3.38390851020813 144
1684233527823 3.2993087768554688 145
1684233528429 3.3340413570404053 146
1684233529025 3.296384572982788 147
1684233529638 3.2974352836608887 148
1684233530233 3.2846763134002686 149
1684233530833 3.2841553688049316 150
