1683980663217 4.470805644989014 1
1683980663816 3.5216760635375977 2
1683980664413 3.004516124725342 3
1683980665010 2.7787280082702637 4
1683980665608 2.6668479442596436 5
1683980666224 2.6151773929595947 6
1683980666824 2.5938234329223633 7
1683980667422 2.578648567199707 8
1683980668019 2.564826488494873 9
1683980668622 2.5505123138427734 10
1683980669218 2.5388731956481934 11
1683980669814 2.5245604515075684 12
1683980670410 2.506878137588501 13
1683980671004 2.4914958477020264 14
1683980671598 2.4759397506713867 15
1683980672194 2.462899923324585 16
1683980672794 2.4450604915618896 17
1683980673396 2.4338080883026123 18
1683980673996 2.424121141433716 19
1683980674593 2.4038925170898438 20
1683980675188 2.398031234741211 21
1683980675783 2.381098985671997 22
1683980676380 2.3834033012390137 23
1683980676977 2.3801848888397217 24
1683980677573 2.3718972206115723 25
