1683980847449 553.3514404296875 1
1683980848086 300.6136474609375 2
1683980848716 155.884033203125 3
1683980849346 86.25747680664062 4
1683980849978 50.03931427001953 5
1683980850610 29.89712142944336 6
1683980851237 20.419498443603516 7
1683980851877 15.015262603759766 8
1683980852502 11.737041473388672 9
1683980853127 10.102636337280273 10
1683980853754 8.935029029846191 11
1683980854377 8.265355110168457 12
1683980855008 7.921243190765381 13
1683980855640 7.575240612030029 14
1683980856271 7.321479797363281 15
1683980856898 7.032615661621094 16
1683980857531 6.983169078826904 17
1683980858158 6.83937406539917 18
1683980858790 6.605246543884277 19
1683980859424 6.311378479003906 20
1683980860057 6.424973964691162 21
1683980860683 6.254251003265381 22
1683980861316 6.108486175537109 23
1683980861948 6.05348539352417 24
1683980862588 5.840118885040283 25
