1684233242634 56.8874397277832 1
1684233243251 43.02821350097656 2
1684233243848 33.3364143371582 3
1684233244445 26.857990264892578 4
1684233245042 22.085628509521484 5
1684233245638 18.951751708984375 6
1684233246233 16.223562240600586 7
1684233246831 15.33768367767334 8
1684233247426 13.27407455444336 9
1684233248022 12.514187812805176 10
1684233248619 11.434272766113281 11
1684233249215 10.35447883605957 12
1684233249809 9.930435180664062 13
1684233250406 9.22712516784668 14
1684233251005 9.016664505004883 15
1684233251600 8.468768119812012 16
1684233252199 8.486152648925781 17
1684233252796 7.895298480987549 18
1684233253392 7.337128639221191 19
1684233253987 7.341219902038574 20
1684233254583 6.88490104675293 21
1684233255179 6.934539794921875 22
1684233255773 6.642553329467773 23
1684233256366 6.757295608520508 24
1684233256963 6.3201494216918945 25
1684233257560 6.164114952087402 26
1684233258155 6.056640625 27
1684233258749 5.890949249267578 28
1684233259343 5.6919379234313965 29
1684233259938 5.764289855957031 30
1684233260536 5.524453639984131 31
1684233261133 5.570638656616211 32
1684233261731 5.438198089599609 33
1684233262327 5.380986213684082 34
1684233262923 5.149029731750488 35
1684233263521 5.129128932952881 36
1684233264118 4.905706882476807 37
1684233264713 5.049681663513184 38
1684233265310 4.8860063552856445 39
1684233265905 4.856080055236816 40
1684233266502 4.862721920013428 41
1684233267096 4.693467140197754 42
1684233267692 4.735532760620117 43
1684233268286 4.548321723937988 44
1684233268885 4.42537784576416 45
1684233269485 4.376092910766602 46
1684233270083 4.351444721221924 47
1684233270677 4.296358108520508 48
1684233271273 4.232089042663574 49
1684233271867 4.170464992523193 50
1684233272461 4.164729118347168 51
1684233273061 4.262426853179932 52
1684233273658 4.122131824493408 53
1684233274252 4.095569133758545 54
1684233274849 3.991633415222168 55
1684233275445 3.9634206295013428 56
1684233276042 3.991907835006714 57
1684233276637 4.080831527709961 58
1684233277233 3.9001994132995605 59
1684233277825 3.886056900024414 60
1684233278422 3.8436360359191895 61
1684233279017 3.8276872634887695 62
1684233279614 3.7580883502960205 63
1684233280210 3.7350893020629883 64
1684233280804 3.7126898765563965 65
1684233281400 3.721555709838867 66
1684233281996 3.7120213508605957 67
1684233282592 3.668395519256592 68
1684233283187 3.574105978012085 69
1684233283781 3.684760093688965 70
1684233284377 3.6085124015808105 71
1684233284971 3.547877550125122 72
1684233285566 3.564889669418335 73
1684233286162 3.504293441772461 74
1684233286757 3.513856887817383 75
1684233287351 3.4834113121032715 76
1684233287945 3.4715635776519775 77
1684233288540 3.430394172668457 78
1684233289136 3.4569649696350098 79
1684233289733 3.4249024391174316 80
1684233290331 3.425908088684082 81
1684233290926 3.4287962913513184 82
1684233291522 3.364734172821045 83
1684233292116 3.354829788208008 84
1684233292711 3.3438570499420166 85
1684233293309 3.3398265838623047 86
1684233293913 3.2960588932037354 87
1684233294507 3.272387981414795 88
1684233295104 3.2885584831237793 89
1684233295702 3.2488338947296143 90
1684233296297 3.2271761894226074 91
1684233296891 3.242387056350708 92
1684233297488 3.2293879985809326 93
1684233298085 3.2001137733459473 94
1684233298681 3.1983020305633545 95
1684233299276 3.179572582244873 96
1684233299870 3.1865477561950684 97
1684233300467 3.1657567024230957 98
1684233301064 3.1489596366882324 99
1684233301661 3.146469831466675 100
1684233302256 3.1279773712158203 101
1684233302850 3.1449596881866455 102
1684233303446 3.1551194190979004 103
1684233304042 3.1138193607330322 104
1684233304636 3.1083486080169678 105
1684233305232 3.1051526069641113 106
1684233305827 3.083354949951172 107
1684233306423 3.0650994777679443 108
1684233307018 3.064380645751953 109
1684233307613 3.0747570991516113 110
1684233308207 3.0622172355651855 111
1684233308801 3.056506633758545 112
1684233309396 3.031121253967285 113
1684233309991 3.046980142593384 114
1684233310586 3.0392754077911377 115
1684233311180 3.020473003387451 116
1684233311775 3.0358924865722656 117
1684233312371 3.0339694023132324 118
1684233312968 3.0621886253356934 119
1684233313563 3.006232261657715 120
1684233314158 3.0043632984161377 121
1684233314754 2.9900310039520264 122
1684233315351 3.003260612487793 123
1684233315945 2.976405620574951 124
1684233316541 2.9770889282226562 125
1684233317140 2.976693630218506 126
1684233317740 2.9797139167785645 127
1684233318333 2.9607584476470947 128
1684233318930 2.965548038482666 129
1684233319526 2.9602739810943604 130
1684233320124 2.957913398742676 131
1684233320720 2.954928398132324 132
1684233321316 2.9417338371276855 133
1684233321911 2.936697006225586 134
1684233322509 2.930999279022217 135
1684233323100 2.9373769760131836 136
1684233323695 2.9282240867614746 137
1684233324289 2.934903621673584 138
1684233324883 2.9391374588012695 139
1684233325480 2.932342052459717 140
1684233326075 2.932736396789551 141
1684233326671 2.907435178756714 142
1684233327285 2.912564754486084 143
1684233327906 2.922200918197632 144
1684233328516 2.902345895767212 145
1684233329138 2.9106035232543945 146
1684233329737 2.9020700454711914 147
1684233330338 2.9016854763031006 148
1684233330937 2.899522304534912 149
1684233331537 2.898303747177124 150
