1683906174795 0.6947919726371765 1
1683906185426 0.6935588717460632 2
1683906195179 0.6946052312850952 3
1683906204781 0.6954891681671143 4
1683906214428 0.6944420337677002 5
1683906224029 0.6941437721252441 6
1683906233668 0.693574845790863 7
1683906243402 0.6938251256942749 8
1683906253158 0.6943333148956299 9
1683906262873 0.6942295432090759 10
1683906272387 0.6936402320861816 11
1683906281814 0.6934508681297302 12
1683906291725 0.6941637396812439 13
1683906302467 0.6940294504165649 14
1683906312685 0.6935393810272217 15
1683906323095 0.6940755844116211 16
1683906335009 0.6937233209609985 17
1683906345318 0.693647563457489 18
1683906355183 0.6936591863632202 19
1683906364580 0.6935572624206543 20
1683906374352 0.6935026049613953 21
1683906384209 0.6939417719841003 22
1683906394003 0.6934390068054199 23
1683906403798 0.693194568157196 24
1683906413757 0.6933497190475464 25
1683906423208 0.6930533647537231 26
1683906433194 0.6938511729240417 27
1683906443128 0.6929821968078613 28
1683906452590 0.693129301071167 29
1683906462559 0.6930386424064636 30
1683906472530 0.69352126121521 31
1683906481890 0.69350266456604 32
1683906492038 0.6930465698242188 33
1683906502007 0.6938557624816895 34
1683906511477 0.6929733753204346 35
1683906521837 0.6926766633987427 36
1683906531634 0.6928771734237671 37
1683906542130 0.6929196715354919 38
1683906551710 0.6931511759757996 39
1683906561904 0.6935131549835205 40
1683906571345 0.6927182078361511 41
1683906581563 0.6926097273826599 42
1683906591017 0.6930417418479919 43
1683906601230 0.6931204795837402 44
1683906610650 0.692444920539856 45
1683906620859 0.6928311586380005 46
1683906630273 0.6923054456710815 47
1683906640552 0.6926001310348511 48
1683906649887 0.6924898624420166 49
1683906659273 0.6929232478141785 50
1683906669635 0.6928953528404236 51
1683906679042 0.692741870880127 52
1683906690248 0.6928055286407471 53
1683906699703 0.6931247115135193 54
1683906709074 0.6929329633712769 55
1683906719508 0.6925079226493835 56
1683906728946 0.6929375529289246 57
1683906738312 0.6926001906394958 58
1683906748807 0.6923601031303406 59
1683906758231 0.6927653551101685 60
1683906767652 0.6924201846122742 61
1683906778206 0.6926323771476746 62
1683906787583 0.6927754282951355 63
1683906796984 0.6923484802246094 64
1683906807585 0.6924853324890137 65
1683906817023 0.6925579309463501 66
1683906826446 0.6925121545791626 67
1683906837006 0.6924201846122742 68
1683906846386 0.6927849054336548 69
1683906855842 0.6924571990966797 70
1683906866691 0.6926571130752563 71
1683906876110 0.6924443244934082 72
1683906885735 0.692584753036499 73
1683906895214 0.6927778124809265 74
1683906905957 0.6924185752868652 75
1683906915353 0.6929757595062256 76
1683906924628 0.6924420595169067 77
1683906933917 0.6930948495864868 78
1683906944692 0.6927316188812256 79
1683906954012 0.6925851702690125 80
1683906963363 0.6922428011894226 81
1683906974761 0.692625880241394 82
1683906984216 0.6927640438079834 83
1683906993531 0.6929313540458679 84
1683907002900 0.6924898028373718 85
1683907013940 0.6924073696136475 86
1683907023355 0.6922886371612549 87
1683907032712 0.6926944255828857 88
1683907042117 0.6927083730697632 89
1683907051475 0.6927728652954102 90
1683907062487 0.6922454833984375 91
1683907072038 0.6923274993896484 92
1683907081364 0.6925317645072937 93
1683907090826 0.6925643682479858 94
1683907101983 0.6927101016044617 95
1683907111356 0.692588210105896 96
1683907120705 0.6923698782920837 97
1683907130148 0.6929464340209961 98
1683907139473 0.6923181414604187 99
1683907150661 0.6927025318145752 100
