1683980800984 140.07662963867188 1
1683980801653 76.92052459716797 2
1683980802316 40.77503967285156 3
1683980802986 23.406600952148438 4
1683980803629 14.379737854003906 5
1683980804242 9.371402740478516 6
1683980804866 7.020877838134766 7
1683980805457 5.683330535888672 8
1683980806064 4.872201442718506 9
1683980806697 4.467803955078125 10
1683980807290 4.181225776672363 11
1683980807885 4.016704559326172 12
1683980808480 3.9306821823120117 13
1683980809075 3.8449642658233643 14
1683980809667 3.7828099727630615 15
1683980810264 3.7125182151794434 16
1683980810858 3.698728084564209 17
1683980811455 3.6645288467407227 18
1683980812067 3.6058483123779297 19
1683980812676 3.5309696197509766 20
1683980813295 3.558927536010742 21
1683980813909 3.5149285793304443 22
1683980814502 3.480045795440674 23
1683980815112 3.464916706085205 24
1683980815718 3.4119913578033447 25
