1683921642011 0.6935179233551025 1
1683921653091 0.6877095103263855 2
1683921663673 0.6809775233268738 3
1683921673730 0.6745225191116333 4
1683921684395 0.6648378968238831 5
1683921696284 0.6552484035491943 6
1683921707294 0.6459032893180847 7
1683921717851 0.6418995261192322 8
1683921728478 0.6374762654304504 9
1683921739127 0.6333067417144775 10
1683921749581 0.6317957043647766 11
1683921760607 0.6314824819564819 12
1683921771519 0.6275273561477661 13
1683921782353 0.6247491836547852 14
1683921792742 0.6242705583572388 15
1683921803580 0.6199743151664734 16
1683921814546 0.6222311854362488 17
1683921825194 0.6218525171279907 18
1683921835726 0.6206092834472656 19
1683921845798 0.6186137199401855 20
1683921856755 0.6154800057411194 21
1683921867323 0.6166081428527832 22
1683921878251 0.6176226139068604 23
1683921889099 0.6167330741882324 24
1683921901166 0.6174331903457642 25
1683921911419 0.6142331957817078 26
1683921922267 0.6114048957824707 27
1683921933818 0.6135400533676147 28
1683921943548 0.6111260652542114 29
1683921954617 0.6128156185150146 30
1683921965725 0.6087844371795654 31
1683921976172 0.6103775501251221 32
1683921987114 0.6100706458091736 33
1683921998384 0.6063578128814697 34
1683922008781 0.6066678166389465 35
1683922020042 0.6076284646987915 36
1683922030234 0.6053756475448608 37
1683922041437 0.6049314141273499 38
1683922052138 0.6057106256484985 39
1683922063547 0.6047017574310303 40
1683922073850 0.6021504402160645 41
1683922084870 0.6047741174697876 42
1683922094955 0.6011989116668701 43
1683922106014 0.6008927822113037 44
1683922116226 0.5991820096969604 45
1683922128140 0.5973615646362305 46
1683922138462 0.597834587097168 47
1683922149512 0.5968219637870789 48
1683922159723 0.5954998731613159 49
1683922169883 0.5966876745223999 50
1683922181025 0.5955047011375427 51
1683922191217 0.5963413119316101 52
1683922202459 0.5943906307220459 53
1683922212935 0.5917717814445496 54
1683922223077 0.5907730460166931 55
1683922234760 0.5911350250244141 56
1683922244700 0.5928723812103271 57
1683922254548 0.5886833667755127 58
1683922266139 0.5898083448410034 59
1683922276487 0.5894259214401245 60
1683922286504 0.5887532234191895 61
1683922298593 0.5865960121154785 62
1683922309092 0.5862345695495605 63
1683922319269 0.5814201831817627 64
1683922330799 0.585065484046936 65
1683922340450 0.5842479467391968 66
1683922350353 0.585477352142334 67
1683922361733 0.5791944265365601 68
1683922371924 0.5795142650604248 69
1683922381872 0.578016996383667 70
1683922393107 0.5792979001998901 71
1683922403135 0.578514575958252 72
1683922413036 0.5767709016799927 73
1683922423297 0.5761968493461609 74
1683922434892 0.5745466947555542 75
1683922445081 0.5712523460388184 76
1683922455284 0.5725612044334412 77
1683922466375 0.5693327188491821 78
1683922477932 0.5701884627342224 79
1683922487456 0.5686066150665283 80
1683922496908 0.5681103467941284 81
1683922508751 0.5670731663703918 82
1683922518586 0.5633434057235718 83
1683922528447 0.5645674467086792 84
1683922538721 0.5657715797424316 85
1683922550084 0.5641560554504395 86
1683922559603 0.5594498515129089 87
1683922569085 0.5640705227851868 88
1683922579323 0.5615295767784119 89
1683922589130 0.5585076808929443 90
1683922600294 0.558306097984314 91
1683922609748 0.5581220388412476 92
1683922619624 0.5548352003097534 93
1683922629808 0.5548744201660156 94
1683922642013 0.5550330877304077 95
1683922651682 0.5512528419494629 96
1683922661559 0.5520104169845581 97
1683922671729 0.551741361618042 98
1683922681822 0.5498198866844177 99
1683922693866 0.5484368205070496 100
