1683980755109 36.75726318359375 1
1683980755726 20.99628257751465 2
1683980756319 11.998151779174805 3
1683980756912 7.694180965423584 4
1683980757503 5.464966773986816 5
1683980758095 4.239193439483643 6
1683980758686 3.6701064109802246 7
1683980759276 3.34820556640625 8
1683980759867 3.152998924255371 9
1683980760459 3.0550734996795654 10
1683980761049 2.988025665283203 11
1683980761639 2.9486870765686035 12
1683980762229 2.9258735179901123 13
1683980762820 2.903982162475586 14
1683980763411 2.888258695602417 15
1683980764004 2.8716392517089844 16
1683980764615 2.865323066711426 17
1683980765245 2.8568711280822754 18
1683980765840 2.841045379638672 19
1683980766431 2.8190600872039795 20
1683980767024 2.8243370056152344 21
1683980767614 2.8101420402526855 22
1683980768206 2.8018574714660645 23
1683980768795 2.7951712608337402 24
1683980769387 2.7806074619293213 25
