1684232949008 9.545781135559082 1
1684232949626 7.812259674072266 2
1684232950227 6.5993194580078125 3
1684232950838 5.7886061668396 4
1684232951444 5.190217971801758 5
1684232952039 4.797690391540527 6
1684232952635 4.456386089324951 7
1684232953238 4.344809532165527 8
1684232953835 4.087268829345703 9
1684232954430 3.9909019470214844 10
1684232955025 3.858806610107422 11
1684232955621 3.7211403846740723 12
1684232956225 3.6677167415618896 13
1684232956833 3.579911470413208 14
1684232957430 3.5560598373413086 15
1684232958025 3.4850244522094727 16
1684232958626 3.487797737121582 17
1684232959226 3.412384510040283 18
1684232959828 3.34248948097229 19
1684232960423 3.3420305252075195 20
1684232961019 3.2875030040740967 21
1684232961614 3.29158353805542 22
1684232962231 3.255277156829834 23
1684232962869 3.2692480087280273 24
1684232963483 3.2149059772491455 25
1684232964083 3.1952173709869385 26
1684232964680 3.1817965507507324 27
1684232965277 3.1620230674743652 28
1684232965875 3.1355667114257812 29
1684232966468 3.1457037925720215 30
1684232967063 3.1154141426086426 31
1684232967656 3.1210098266601562 32
1684232968251 3.1043899059295654 33
1684232968845 3.0977072715759277 34
1684232969441 3.0689873695373535 35
1684232970036 3.06518816947937 36
1684232970634 3.0389301776885986 37
1684232971235 3.0554771423339844 38
1684232971832 3.034600257873535 39
1684232972434 3.0300302505493164 40
1684232973039 3.0324931144714355 41
1684232973637 3.01242733001709 42
1684232974240 3.016697406768799 43
1684232974833 2.9926061630249023 44
1684232975431 2.9782450199127197 45
1684232976026 2.971101760864258 46
1684232976632 2.9676082134246826 47
1684232977233 2.9615354537963867 48
1684232977845 2.9522511959075928 49
1684232978450 2.945322275161743 50
1684232979046 2.9440951347351074 51
1684232979640 2.9559011459350586 52
1684232980240 2.9387896060943604 53
1684232980837 2.935577869415283 54
1684232981430 2.9222803115844727 55
1684232982026 2.918539524078369 56
1684232982620 2.923123836517334 57
1684232983215 2.9329230785369873 58
1684232983810 2.9103801250457764 59
1684232984406 2.9089245796203613 60
1684232985003 2.903468370437622 61
1684232985599 2.9013638496398926 62
1684232986195 2.8923215866088867 63
1684232986792 2.889871835708618 64
1684232987390 2.8873724937438965 65
1684232987992 2.887418270111084 66
1684232988593 2.8855228424072266 67
1684232989198 2.8810224533081055 68
1684232989797 2.868380308151245 69
1684232990394 2.8829479217529297 70
1684232990993 2.8726742267608643 71
1684232991590 2.8653581142425537 72
1684232992187 2.867137908935547 73
1684232992790 2.8599889278411865 74
1684232993391 2.8592286109924316 75
1684232993985 2.856161117553711 76
1684232994585 2.8553214073181152 77
1684232995185 2.8486363887786865 78
1684232995779 2.8528082370758057 79
1684232996379 2.84684419631958 80
1684232996974 2.847533941268921 81
1684232997568 2.847537040710449 82
1684232998164 2.8402111530303955 83
1684232998762 2.8387160301208496 84
1684232999362 2.8371224403381348 85
1684232999956 2.836376667022705 86
1684233000555 2.829988479614258 87
1684233001149 2.827195405960083 88
1684233001744 2.829418182373047 89
1684233002341 2.822815418243408 90
1684233002939 2.820582151412964 91
1684233003538 2.822281837463379 92
1684233004136 2.8195316791534424 93
1684233004732 2.815243721008301 94
1684233005328 2.8143391609191895 95
1684233005922 2.8126704692840576 96
1684233006516 2.813328981399536 97
1684233007109 2.809706211090088 98
1684233007707 2.806857109069824 99
1684233008298 2.8067688941955566 100
1684233008893 2.801896572113037 101
1684233009489 2.8042728900909424 102
1684233010091 2.805166482925415 103
1684233010723 2.7985572814941406 104
1684233011336 2.7989890575408936 105
1684233011929 2.7961935997009277 106
1684233012535 2.7931101322174072 107
1684233013132 2.7901134490966797 108
1684233013734 2.7898313999176025 109
1684233014337 2.789719581604004 110
1684233014940 2.7885403633117676 111
1684233015532 2.784484624862671 112
1684233016127 2.7810487747192383 113
1684233016729 2.782975435256958 114
1684233017324 2.7783074378967285 115
1684233017919 2.774419069290161 116
1684233018514 2.7750720977783203 117
1684233019131 2.7747130393981934 118
1684233019738 2.779085636138916 119
1684233020363 2.7669124603271484 120
1684233020959 2.7644572257995605 121
1684233021554 2.762725830078125 122
1684233022152 2.763436794281006 123
1684233022744 2.7533867359161377 124
1684233023339 2.7508623600006104 125
1684233023934 2.749410629272461 126
1684233024529 2.7469301223754883 127
1684233025191 2.7439918518066406 128
1684233025798 2.7403035163879395 129
1684233026393 2.7371609210968018 130
1684233026992 2.734088897705078 131
1684233027585 2.728712320327759 132
1684233028179 2.7258493900299072 133
1684233028773 2.7194364070892334 134
1684233029374 2.7130327224731445 135
1684233029973 2.713829517364502 136
1684233030570 2.7060770988464355 137
1684233031171 2.7045114040374756 138
1684233031771 2.6984670162200928 139
1684233032369 2.692904472351074 140
1684233032965 2.688019275665283 141
1684233033564 2.6800801753997803 142
1684233034166 2.6852593421936035 143
1684233034764 2.6722757816314697 144
1684233035361 2.6690006256103516 145
1684233035955 2.658271312713623 146
1684233036551 2.6620123386383057 147
1684233037146 2.645780086517334 148
1684233037740 2.644990921020508 149
1684233038339 2.6403679847717285 150
