1684231494734 2.8069663047790527 1
1684231495633 2.7966370582580566 2
1684231496519 2.78764009475708 3
1684231497416 2.779810905456543 4
1684231498308 2.771132707595825 5
1684231499297 2.764591693878174 6
1684231500330 2.758065938949585 7
1684231501235 2.7541756629943848 8
1684231502132 2.7461771965026855 9
1684231503012 2.735753059387207 10
1684231503898 2.728215217590332 11
1684231504785 2.718541383743286 12
1684231505670 2.7012405395507812 13
1684231506555 2.6923699378967285 14
1684231507464 2.6806907653808594 15
1684231508345 2.663254976272583 16
1684231509230 2.653714179992676 17
1684231510110 2.6404168605804443 18
1684231510999 2.6258339881896973 19
1684231511885 2.600865602493286 20
1684231512895 2.5954267978668213 21
1684231513796 2.582267999649048 22
1684231514946 2.5726752281188965 23
1684231515834 2.563704252243042 24
1684231516718 2.5569040775299072 25
1684231517604 2.5511319637298584 26
1684231518497 2.5449016094207764 27
1684231519407 2.5387766361236572 28
1684231520281 2.5343239307403564 29
1684231521227 2.528343677520752 30
1684231522133 2.520420789718628 31
1684231523013 2.5195348262786865 32
1684231523907 2.5149316787719727 33
1684231524790 2.5136663913726807 34
1684231525666 2.5135889053344727 35
1684231526554 2.5040032863616943 36
1684231527434 2.5082602500915527 37
1684231528307 2.4978694915771484 38
1684231529292 2.4839775562286377 39
1684231530187 2.4823639392852783 40
1684231531075 2.491245746612549 41
1684231531960 2.4914941787719727 42
1684231532854 2.49226975440979 43
1684231533778 2.487196922302246 44
1684231534707 2.4721779823303223 45
1684231535706 2.481257915496826 46
1684231536759 2.4701597690582275 47
1684231537700 2.4696333408355713 48
1684231538601 2.4686760902404785 49
1684231539493 2.461984634399414 50
1684231540408 2.4677958488464355 51
1684231541301 2.462003231048584 52
1684231542171 2.4621071815490723 53
1684231543075 2.457054853439331 54
1684231543960 2.4546966552734375 55
1684231544849 2.4559435844421387 56
1684231545770 2.462885856628418 57
1684231546678 2.450483798980713 58
1684231547574 2.449263095855713 59
1684231548450 2.4439568519592285 60
1684231549359 2.4447696208953857 61
1684231550256 2.444605827331543 62
1684231551149 2.4456863403320312 63
1684231552026 2.445870876312256 64
1684231552927 2.440542221069336 65
1684231553826 2.4401931762695312 66
1684231554715 2.4309728145599365 67
1684231555626 2.439480781555176 68
1684231556520 2.431273937225342 69
1684231557415 2.428262233734131 70
1684231558323 2.4369330406188965 71
1684231559214 2.4273784160614014 72
1684231560110 2.4222114086151123 73
1684231561024 2.4282567501068115 74
1684231561941 2.4190421104431152 75
1684231562880 2.414921760559082 76
1684231563795 2.43380069732666 77
1684231564707 2.4176573753356934 78
1684231565648 2.422924041748047 79
1684231566552 2.409327507019043 80
1684231567452 2.41808819770813 81
1684231568385 2.4170219898223877 82
1684231569297 2.4084959030151367 83
1684231570192 2.4124913215637207 84
1684231571089 2.41729736328125 85
1684231571966 2.405005931854248 86
1684231572856 2.4090418815612793 87
1684231573741 2.404589891433716 88
1684231574634 2.4016013145446777 89
1684231575521 2.4130191802978516 90
1684231576388 2.4076223373413086 91
1684231577278 2.4054861068725586 92
1684231578189 2.397777557373047 93
1684231579072 2.396348476409912 94
1684231579953 2.3915767669677734 95
1684231580852 2.3930299282073975 96
1684231581792 2.3971810340881348 97
1684231582674 2.390754222869873 98
1684231583571 2.3860409259796143 99
1684231584454 2.3913207054138184 100
