1684231699693 2.792919158935547 1
1684231700329 2.7845990657806396 2
1684231700927 2.7769527435302734 3
1684231701523 2.769902229309082 4
1684231702119 2.760852336883545 5
1684231702714 2.7540972232818604 6
1684231703309 2.7464780807495117 7
1684231703907 2.7417659759521484 8
1684231704509 2.7323546409606934 9
1684231705110 2.719796895980835 10
1684231705710 2.7094855308532715 11
1684231706308 2.6987929344177246 12
1684231706960 2.6786489486694336 13
1684231707585 2.66951060295105 14
1684231708221 2.6574037075042725 15
1684231708845 2.6403799057006836 16
1684231709482 2.632294178009033 17
1684231710081 2.621589422225952 18
1684231710681 2.6092922687530518 19
1684231711275 2.5836167335510254 20
1684231711870 2.5811986923217773 21
1684231712468 2.5687777996063232 22
1684231713067 2.561532497406006 23
1684231713666 2.5532643795013428 24
1684231714293 2.5476419925689697 25
1684231714911 2.543830156326294 26
1684231715547 2.5376782417297363 27
1684231716144 2.5313053131103516 28
1684231716742 2.528517246246338 29
1684231717364 2.5224392414093018 30
1684231717983 2.5157480239868164 31
1684231718578 2.514892816543579 32
1684231719182 2.5108470916748047 33
1684231719785 2.509312629699707 34
1684231720391 2.5100440979003906 35
1684231721001 2.500304937362671 36
1684231721599 2.505164384841919 37
1684231722205 2.496028184890747 38
1684231722803 2.481395721435547 39
1684231723399 2.4808754920959473 40
1684231724004 2.4887192249298096 41
1684231724605 2.4889819622039795 42
1684231725217 2.491241931915283 43
1684231725842 2.486072540283203 44
1684231726482 2.4705934524536133 45
1684231727106 2.4805259704589844 46
1684231727711 2.4693124294281006 47
1684231728312 2.468406915664673 48
1684231728917 2.468018054962158 49
1684231729515 2.4607791900634766 50
1684231730116 2.4667553901672363 51
1684231730722 2.461212158203125 52
1684231731317 2.461961269378662 53
1684231731928 2.456397533416748 54
1684231732551 2.454246997833252 55
1684231733193 2.45548415184021 56
1684231733830 2.462305784225464 57
1684231734467 2.449949264526367 58
1684231735105 2.4490556716918945 59
1684231735747 2.4429662227630615 60
1684231736388 2.4445626735687256 61
1684231737023 2.4446861743927 62
1684231737656 2.4460010528564453 63
1684231738284 2.4462532997131348 64
1684231738906 2.440584659576416 65
1684231739525 2.4399735927581787 66
1684231740157 2.4308083057403564 67
1684231740780 2.439570188522339 68
1684231741383 2.431553363800049 69
1684231742008 2.4290215969085693 70
1684231742635 2.4377193450927734 71
1684231743264 2.427708148956299 72
1684231743864 2.4220550060272217 73
1684231744460 2.428805351257324 74
1684231745061 2.419208526611328 75
1684231745689 2.4149513244628906 76
1684231746294 2.4344069957733154 77
1684231746894 2.4186081886291504 78
1684231747490 2.4236297607421875 79
1684231748100 2.4101266860961914 80
1684231748701 2.418085813522339 81
1684231749304 2.4184131622314453 82
1684231749908 2.408810615539551 83
1684231750509 2.4131336212158203 84
1684231751110 2.4176244735717773 85
1684231751729 2.4058616161346436 86
1684231752347 2.4091720581054688 87
1684231752960 2.4045701026916504 88
1684231753576 2.4025866985321045 89
1684231754181 2.41379976272583 90
1684231754786 2.4080724716186523 91
1684231755392 2.4063870906829834 92
1684231756020 2.398776054382324 93
1684231756667 2.3969056606292725 94
1684231757316 2.3919026851654053 95
1684231757923 2.3938677310943604 96
1684231758524 2.397916316986084 97
1684231759125 2.3916120529174805 98
1684231759731 2.3864898681640625 99
1684231760333 2.392610549926758 100
1684231760930 2.3845527172088623 101
1684231761527 2.391779899597168 102
1684231762132 2.392167329788208 103
1684231762730 2.3868401050567627 104
1684231763338 2.3865244388580322 105
1684231763940 2.3849716186523438 106
1684231764543 2.389108180999756 107
1684231765147 2.3835840225219727 108
1684231765749 2.3839969635009766 109
1684231766360 2.374901056289673 110
1684231766976 2.370070695877075 111
1684231767582 2.3747663497924805 112
1684231768179 2.378310203552246 113
1684231768794 2.3725106716156006 114
1684231769397 2.3605358600616455 115
1684231770002 2.3637967109680176 116
1684231770613 2.3647074699401855 117
1684231771236 2.3631842136383057 118
1684231771840 2.3679685592651367 119
1684231772452 2.35992169380188 120
1684231773056 2.3583645820617676 121
1684231773655 2.3680012226104736 122
1684231774259 2.357588768005371 123
1684231774868 2.3563015460968018 124
1684231775486 2.355531692504883 125
1684231776099 2.3610095977783203 126
1684231776715 2.354562997817993 127
1684231777326 2.3538663387298584 128
1684231777930 2.353724956512451 129
1684231778538 2.349756956100464 130
1684231779143 2.346484899520874 131
1684231779740 2.345813751220703 132
1684231780336 2.343870162963867 133
1684231780934 2.345917224884033 134
1684231781530 2.3448145389556885 135
1684231782128 2.341862440109253 136
1684231782728 2.3460426330566406 137
1684231783333 2.343891143798828 138
1684231783942 2.331404209136963 139
1684231784547 2.344123363494873 140
1684231785163 2.3318209648132324 141
1684231785776 2.336636781692505 142
1684231786383 2.3375418186187744 143
1684231786992 2.326411724090576 144
1684231787601 2.3318326473236084 145
1684231788203 2.329113245010376 146
1684231788807 2.3270673751831055 147
1684231789417 2.32991361618042 148
1684231790028 2.3310422897338867 149
1684231790641 2.319077253341675 150
