1684231996644 2.887883424758911 1
1684231997267 2.859132766723633 2
1684231997868 2.837541103363037 3
1684231998496 2.8217523097991943 4
1684231999097 2.8086678981781006 5
1684231999694 2.7996444702148438 6
1684232000292 2.7922089099884033 7
1684232000886 2.789137363433838 8
1684232001482 2.782475471496582 9
1684232002083 2.776123523712158 10
1684232002679 2.7731571197509766 11
1684232003283 2.7671284675598145 12
1684232003889 2.758920669555664 13
1684232004485 2.7549736499786377 14
1684232005081 2.7505602836608887 15
1684232005677 2.7405354976654053 16
1684232006275 2.735752582550049 17
1684232006870 2.726607084274292 18
1684232007465 2.715419292449951 19
1684232008062 2.6994259357452393 20
1684232008657 2.688511371612549 21
1684232009254 2.673708200454712 22
1684232009861 2.657536029815674 23
1684232010468 2.640651226043701 24
1684232011065 2.6243715286254883 25
1684232011665 2.6094624996185303 26
1684232012272 2.5985159873962402 27
1684232012879 2.590165615081787 28
1684232013477 2.5792183876037598 29
1684232014082 2.572047710418701 30
1684232014687 2.5593416690826416 31
1684232015285 2.5551328659057617 32
1684232015880 2.5461502075195312 33
1684232016475 2.543295383453369 34
1684232017073 2.5405471324920654 35
1684232017672 2.527888774871826 36
1684232018268 2.5310192108154297 37
1684232018863 2.5176079273223877 38
1684232019460 2.505059242248535 39
1684232020063 2.5005757808685303 40
1684232020659 2.508474349975586 41
1684232021253 2.5077247619628906 42
1684232021846 2.5050482749938965 43
1684232022439 2.5017716884613037 44
1684232023034 2.485374927520752 45
1684232023628 2.493746042251587 46
1684232024228 2.481018543243408 47
1684232024830 2.480477809906006 48
1684232025424 2.4784390926361084 49
1684232026017 2.473083019256592 50
1684232026614 2.477257490158081 51
1684232027209 2.4727625846862793 52
1684232027813 2.471456527709961 53
1684232028413 2.465942621231079 54
1684232029010 2.4626471996307373 55
1684232029614 2.4644172191619873 56
1684232030213 2.4704909324645996 57
1684232030807 2.460155963897705 58
1684232031408 2.4573323726654053 59
1684232032004 2.4530489444732666 60
1684232032601 2.4519944190979004 61
1684232033194 2.4514057636260986 62
1684232033793 2.452854633331299 63
1684232034390 2.4521799087524414 64
1684232034986 2.4471206665039062 65
1684232035584 2.445964813232422 66
1684232036180 2.437711715698242 67
1684232036776 2.4447808265686035 68
1684232037371 2.437371015548706 69
1684232037968 2.433716297149658 70
1684232038564 2.4424052238464355 71
1684232039170 2.432997703552246 72
1684232039774 2.4291348457336426 73
1684232040372 2.4338290691375732 74
1684232040973 2.4250738620758057 75
1684232041572 2.4203102588653564 76
1684232042192 2.43817138671875 77
1684232042800 2.4215521812438965 78
1684232043395 2.4277310371398926 79
1684232043988 2.4137487411499023 80
1684232044582 2.4229445457458496 81
1684232045176 2.4199953079223633 82
1684232045772 2.4151995182037354 83
1684232046367 2.4168202877044678 84
1684232046966 2.423215866088867 85
1684232047562 2.4086198806762695 86
1684232048165 2.414447784423828 87
1684232048763 2.410311698913574 88
1684232049372 2.4069015979766846 89
1684232049980 2.4157872200012207 90
1684232050583 2.4137232303619385 91
1684232051190 2.408602476119995 92
1684232051793 2.4006879329681396 93
1684232052393 2.4008989334106445 94
1684232052992 2.3976101875305176 95
1684232053600 2.3969998359680176 96
1684232054208 2.400322914123535 97
1684232054813 2.394369125366211 98
1684232055417 2.3904805183410645 99
1684232056012 2.393488883972168 100
1684232056606 2.388702392578125 101
1684232057200 2.3921966552734375 102
1684232057799 2.3946797847747803 103
1684232058393 2.3878769874572754 104
1684232058989 2.3891289234161377 105
1684232059583 2.3885385990142822 106
1684232060179 2.391969680786133 107
1684232060774 2.386946201324463 108
1684232061366 2.386645793914795 109
1684232061966 2.376743793487549 110
1684232062566 2.3732385635375977 111
1684232063172 2.3781795501708984 112
1684232063772 2.379035711288452 113
1684232064373 2.378527879714966 114
1684232064972 2.362809419631958 115
1684232065577 2.363140106201172 116
1684232066177 2.366105556488037 117
1684232066782 2.3676297664642334 118
1684232067381 2.3716185092926025 119
1684232067975 2.3610711097717285 120
1684232068573 2.3592300415039062 121
1684232069171 2.3723013401031494 122
1684232069766 2.36187481880188 123
1684232070362 2.3612852096557617 124
1684232070958 2.358210802078247 125
1684232071556 2.3619942665100098 126
1684232072193 2.3541364669799805 127
1684232072794 2.355668067932129 128
1684232073389 2.355766773223877 129
1684232073983 2.3521194458007812 130
1684232074574 2.350149154663086 131
1684232075200 2.3456907272338867 132
1684232075828 2.3445703983306885 133
1684232076432 2.3485050201416016 134
1684232077026 2.3448052406311035 135
1684232077622 2.342672824859619 136
1684232078217 2.3476805686950684 137
1684232078815 2.3430631160736084 138
1684232079414 2.333775043487549 139
1684232080012 2.345132827758789 140
1684232080609 2.3331995010375977 141
1684232081207 2.337467908859253 142
1684232081804 2.339647054672241 143
1684232082400 2.328312635421753 144
1684232083001 2.333919048309326 145
1684232083604 2.3281409740448 146
1684232084207 2.3297078609466553 147
1684232084814 2.3309810161590576 148
1684232085417 2.33445405960083 149
1684232086023 2.3199429512023926 150
