1683899503975 0.7191809415817261 1
1683899514766 0.6847115755081177 2
1683899525771 0.6714427471160889 3
1683899536456 0.6639848947525024 4
1683899546711 0.6559222936630249 5
1683899556550 0.6505147814750671 6
1683899566447 0.6427146792411804 7
1683899576283 0.6420540809631348 8
1683899586182 0.6370464563369751 9
1683899595928 0.6370421648025513 10
1683899606346 0.6319046020507812 11
1683899616738 0.6328507661819458 12
1683899627035 0.6290414333343506 13
1683899636895 0.6278345584869385 14
1683899647019 0.623467206954956 15
1683899657444 0.6235204935073853 16
1683899667251 0.625324010848999 17
1683899677038 0.6245429515838623 18
1683899686687 0.6217139959335327 19
1683899696327 0.6213539838790894 20
1683899706088 0.6182938814163208 21
1683899715894 0.6202517747879028 22
1683899725702 0.6189484596252441 23
1683899735418 0.6204558610916138 24
1683899745403 0.6208180785179138 25
1683899754868 0.6159902811050415 26
1683899764730 0.6137063503265381 27
1683899774557 0.6162213087081909 28
1683899783943 0.6123130321502686 29
1683899793744 0.6132723689079285 30
1683899803818 0.6129970550537109 31
1683899813190 0.6117321252822876 32
1683899823409 0.6102497577667236 33
1683899834259 0.6090151071548462 34
1683899845065 0.6102560758590698 35
1683899855519 0.6085116267204285 36
1683899865147 0.6091777086257935 37
1683899875537 0.6089233160018921 38
1683899885220 0.6093173027038574 39
1683899895611 0.6061464548110962 40
1683899905212 0.6070277094841003 41
1683899915361 0.605547308921814 42
1683899924957 0.6064687371253967 43
1683899935457 0.6069974303245544 44
1683899945116 0.6020216941833496 45
1683899955764 0.6039280295372009 46
1683899965429 0.6002652645111084 47
1683899975118 0.6006991863250732 48
1683899985363 0.5982729196548462 49
1683899994951 0.599629282951355 50
1683900005442 0.6002066135406494 51
1683900015298 0.5975907444953918 52
1683900025074 0.5958164930343628 53
1683900035645 0.5992676019668579 54
1683900045818 0.5969891548156738 55
1683900056925 0.5946482419967651 56
1683900067001 0.5962509512901306 57
1683900076429 0.5934743881225586 58
1683900087498 0.5959699153900146 59
1683900097222 0.5956838130950928 60
1683900106946 0.5931061506271362 61
1683900117802 0.5935022234916687 62
1683900127646 0.5906679034233093 63
1683900137239 0.5873004198074341 64
1683900147815 0.5905492305755615 65
1683900158453 0.589123010635376 66
1683900168229 0.5875079035758972 67
1683900178727 0.5882126092910767 68
1683900188317 0.588330864906311 69
1683900198064 0.5860183238983154 70
1683900207652 0.587574303150177 71
1683900218676 0.5831224918365479 72
1683900228017 0.5840508937835693 73
1683900237996 0.5848158597946167 74
1683900249091 0.5830985307693481 75
1683900258639 0.5850951075553894 76
1683900268067 0.5816153287887573 77
1683900277906 0.5819310545921326 78
1683900289127 0.5809478163719177 79
1683900298684 0.5793780088424683 80
1683900308580 0.5789526700973511 81
1683900318178 0.5775138139724731 82
1683900329563 0.5760160088539124 83
1683900339257 0.5762784481048584 84
1683900348960 0.5752484202384949 85
1683900358626 0.5742366313934326 86
1683900369895 0.5720397233963013 87
1683900379513 0.5709502696990967 88
1683900389137 0.5692427158355713 89
1683900399005 0.5701825618743896 90
