1684231798876 2.806966781616211 1
1684231799491 2.7966365814208984 2
1684231800091 2.7876393795013428 3
1684231800688 2.779813528060913 4
1684231801289 2.771134376525879 5
1684231801886 2.7645926475524902 6
1684231802487 2.758065700531006 7
1684231803086 2.7541794776916504 8
1684231803683 2.7461862564086914 9
1684231804279 2.7357702255249023 10
1684231804875 2.728224754333496 11
1684231805475 2.718532085418701 12
1684231806075 2.701258420944214 13
1684231806672 2.6923835277557373 14
1684231807273 2.6806931495666504 15
1684231807873 2.663261651992798 16
1684231808488 2.6537396907806396 17
1684231809096 2.6404380798339844 18
1684231809703 2.625861406326294 19
1684231810304 2.600883722305298 20
1684231810902 2.595459222793579 21
1684231811502 2.5822856426239014 22
1684231812099 2.572716474533081 23
1684231812697 2.563681125640869 24
1684231813294 2.556933879852295 25
1684231813891 2.551185131072998 26
1684231814497 2.544948101043701 27
1684231815097 2.538813352584839 28
1684231815693 2.5343620777130127 29
1684231816307 2.5283820629119873 30
1684231816903 2.5204684734344482 31
1684231817506 2.5195603370666504 32
1684231818103 2.5149190425872803 33
1684231818704 2.5136051177978516 34
1684231819309 2.513606309890747 35
1684231819911 2.504024028778076 36
1684231820520 2.5082943439483643 37
1684231821134 2.4978833198547363 38
1684231821733 2.483977794647217 39
1684231822343 2.48233699798584 40
1684231822942 2.491276979446411 41
1684231823538 2.491445541381836 42
1684231824133 2.4922990798950195 43
1684231824730 2.48722767829895 44
1684231825328 2.4721686840057373 45
1684231825927 2.4812252521514893 46
1684231826529 2.470193862915039 47
1684231827129 2.4696297645568848 48
1684231827737 2.468714475631714 49
1684231828348 2.4619858264923096 50
1684231828948 2.4677374362945557 51
1684231829542 2.4620864391326904 52
1684231830145 2.462103843688965 53
1684231830744 2.4571309089660645 54
1684231831343 2.4546923637390137 55
1684231831940 2.4559378623962402 56
1684231832540 2.4629557132720947 57
1684231833142 2.4503915309906006 58
1684231833758 2.44923734664917 59
1684231834356 2.4439713954925537 60
1684231834959 2.4447970390319824 61
1684231835554 2.444601058959961 62
1684231836150 2.445767402648926 63
1684231836746 2.445822238922119 64
1684231837381 2.4405765533447266 65
1684231838016 2.440131664276123 66
1684231838654 2.4309329986572266 67
1684231839293 2.439514398574829 68
1684231839903 2.4311907291412354 69
1684231840510 2.4282758235931396 70
1684231841123 2.437026023864746 71
1684231841736 2.4273452758789062 72
1684231842366 2.422226905822754 73
1684231843000 2.4282381534576416 74
1684231843633 2.4190406799316406 75
1684231844271 2.414945363998413 76
1684231844915 2.433816432952881 77
1684231845545 2.4175708293914795 78
1684231846183 2.422851324081421 79
1684231846822 2.409250259399414 80
1684231847475 2.4181408882141113 81
1684231848089 2.417018413543701 82
1684231848700 2.4084763526916504 83
1684231849296 2.4123966693878174 84
1684231849892 2.4172415733337402 85
1684231850488 2.405045747756958 86
1684231851084 2.409043312072754 87
1684231851680 2.404750347137451 88
1684231852290 2.4016191959381104 89
1684231852886 2.4129481315612793 90
1684231853484 2.4075775146484375 91
1684231854078 2.4053046703338623 92
1684231854676 2.3978071212768555 93
1684231855272 2.3963165283203125 94
1684231855868 2.391693115234375 95
1684231856466 2.3931291103363037 96
1684231857063 2.397101402282715 97
1684231857660 2.3906102180480957 98
1684231858260 2.386039972305298 99
1684231858855 2.3912832736968994 100
1684231859451 2.3836042881011963 101
1684231860047 2.3899362087249756 102
1684231860648 2.3910698890686035 103
1684231861244 2.3856546878814697 104
1684231861840 2.385584831237793 105
1684231862436 2.3842344284057617 106
1684231863031 2.388150215148926 107
1684231863632 2.382535934448242 108
1684231864235 2.382563829421997 109
1684231864841 2.3732686042785645 110
1684231865453 2.3683981895446777 111
1684231866054 2.374021291732788 112
1684231866663 2.376751661300659 113
1684231867272 2.372119188308716 114
1684231867898 2.3594045639038086 115
1684231868529 2.361910104751587 116
1684231869148 2.363300323486328 117
1684231869776 2.3626554012298584 118
1684231870387 2.366597890853882 119
1684231871010 2.35854434967041 120
1684231871611 2.3570003509521484 121
1684231872207 2.3672213554382324 122
1684231872807 2.356764316558838 123
1684231873406 2.3550689220428467 124
1684231874004 2.3538894653320312 125
1684231874604 2.3598127365112305 126
1684231875220 2.3532357215881348 127
1684231875829 2.3520898818969727 128
1684231876438 2.3523097038269043 129
1684231877048 2.348097324371338 130
1684231877651 2.345371723175049 131
1684231878262 2.3442327976226807 132
1684231878880 2.3420186042785645 133
1684231879490 2.3439457416534424 134
1684231880100 2.342658519744873 135
1684231880724 2.3406035900115967 136
1684231881327 2.3447623252868652 137
1684231881928 2.342085599899292 138
1684231882541 2.3302674293518066 139
1684231883158 2.3427488803863525 140
1684231883761 2.32993483543396 141
1684231884379 2.3356385231018066 142
1684231884982 2.335700511932373 143
1684231885582 2.324993848800659 144
1684231886179 2.3306074142456055 145
1684231886779 2.3270370960235596 146
1684231887382 2.3256964683532715 147
1684231887986 2.3282907009124756 148
1684231888601 2.3295209407806396 149
1684231889207 2.3173208236694336 150
