1683907188708 0.6959583163261414 1
1683907202255 0.6949547529220581 2
1683907212197 0.6953526735305786 3
1683907222047 0.6954166889190674 4
1683907231940 0.6940018534660339 5
1683907241737 0.6945285201072693 6
1683907251620 0.6935255527496338 7
1683907261620 0.693413496017456 8
1683907271529 0.6939661502838135 9
1683907281454 0.6934577226638794 10
1683907291036 0.6933517456054688 11
1683907300713 0.6928014159202576 12
1683907310699 0.6926437616348267 13
1683907320411 0.6928111910820007 14
1683907330119 0.6916155815124512 15
1683907339904 0.6919922232627869 16
1683907350076 0.6924165487289429 17
1683907359914 0.6915456652641296 18
1683907369740 0.6915354132652283 19
1683907379117 0.6914922595024109 20
1683907388912 0.691275954246521 21
1683907398931 0.6915625333786011 22
1683907408733 0.691325843334198 23
1683907418594 0.6906144022941589 24
1683907428465 0.690654456615448 25
1683907437898 0.6899269819259644 26
1683907447912 0.6906970739364624 27
1683907457867 0.6900317668914795 28
1683907467251 0.6898033618927002 29
1683907477272 0.689704418182373 30
1683907487249 0.6895674467086792 31
1683907496722 0.6895771026611328 32
1683907506756 0.6892929077148438 33
1683907516910 0.689202070236206 34
1683907526355 0.6892589926719666 35
1683907536473 0.6883786916732788 36
1683907545899 0.6881195306777954 37
1683907556066 0.6887211799621582 38
1683907565619 0.6890008449554443 39
1683907575760 0.68827885389328 40
1683907585207 0.6877459287643433 41
1683907595424 0.6873683929443359 42
1683907604898 0.687825083732605 43
1683907615174 0.6869972944259644 44
1683907624611 0.6865007281303406 45
1683907634959 0.6863453388214111 46
1683907644449 0.6873843669891357 47
1683907654767 0.6866682767868042 48
1683907664117 0.6860184669494629 49
1683907673616 0.6859371066093445 50
1683907683958 0.686255156993866 51
1683907693473 0.6857849359512329 52
1683907703964 0.6851309537887573 53
1683907713334 0.6853482127189636 54
1683907722686 0.6854199767112732 55
1683907733134 0.6846330165863037 56
1683907742533 0.6852697134017944 57
1683907751844 0.6844981908798218 58
1683907762413 0.6841909289360046 59
1683907771879 0.6842578649520874 60
1683907781314 0.6829454898834229 61
1683907792019 0.6842378973960876 62
1683907801368 0.683207631111145 63
1683907810726 0.6821103096008301 64
1683907821257 0.681302011013031 65
1683907830710 0.6821596622467041 66
1683907840135 0.6818315386772156 67
1683907850727 0.6809502840042114 68
1683907860080 0.6813580989837646 69
1683907869385 0.6810215711593628 70
1683907880053 0.6808299422264099 71
1683907889400 0.6802393794059753 72
1683907898735 0.6802215576171875 73
1683907908324 0.6799041032791138 74
1683907919071 0.6788681745529175 75
1683907928521 0.6784292459487915 76
1683907937879 0.6785329580307007 77
1683907947312 0.6776175498962402 78
1683907958067 0.6776752471923828 79
1683907967392 0.6770064830780029 80
1683907976795 0.6764674186706543 81
1683907987766 0.6762294173240662 82
1683907997194 0.6752479076385498 83
1683908006566 0.6756298542022705 84
1683908015942 0.6742944717407227 85
1683908026864 0.6737793684005737 86
1683908036290 0.6727250814437866 87
1683908045703 0.6732660531997681 88
1683908055157 0.6724259257316589 89
1683908064637 0.6731889247894287 90
1683908075741 0.6712303161621094 91
1683908085224 0.6704668402671814 92
1683908094611 0.6709626913070679 93
1683908104124 0.6693994402885437 94
1683908115338 0.6692116260528564 95
1683908124919 0.668797492980957 96
1683908134446 0.6687175631523132 97
1683908143903 0.6673457026481628 98
1683908153440 0.6660444736480713 99
1683908164764 0.6652505993843079 100
