1684232557566 3.2052764892578125 1
1684232558184 3.095548629760742 2
1684232558781 3.0176985263824463 3
1684232559372 2.9648749828338623 4
1684232559967 2.9250364303588867 5
1684232560563 2.8988873958587646 6
1684232561159 2.8766977787017822 7
1684232561751 2.8694934844970703 8
1684232562347 2.852992534637451 9
1684232562939 2.8441176414489746 10
1684232563533 2.837671995162964 11
1684232564125 2.827517032623291 12
1684232564717 2.821152448654175 13
1684232565310 2.8168108463287354 14
1684232565905 2.8152542114257812 15
1684232566505 2.8084871768951416 16
1684232567100 2.808828830718994 17
1684232567693 2.8028321266174316 18
1684232568284 2.797117233276367 19
1684232568876 2.7947006225585938 20
1684232569471 2.79205584526062 21
1684232570063 2.7892065048217773 22
1684232570654 2.7852492332458496 23
1684232571247 2.784497022628784 24
1684232571841 2.778319835662842 25
1684232572435 2.7744674682617188 26
1684232573027 2.771672010421753 27
1684232573621 2.768688440322876 28
1684232574216 2.761862277984619 29
1684232574808 2.7576346397399902 30
1684232575399 2.7515482902526855 31
1684232575990 2.7462639808654785 32
1684232576585 2.7381339073181152 33
1684232577176 2.730991840362549 34
1684232577769 2.721102714538574 35
1684232578362 2.707597494125366 36
1684232578955 2.6996045112609863 37
1684232579546 2.68485951423645 38
1684232580142 2.667402505874634 39
1684232580737 2.653024673461914 40
1684232581333 2.643941640853882 41
1684232581925 2.631775140762329 42
1684232582517 2.6188392639160156 43
1684232583110 2.6081695556640625 44
1684232583702 2.589139461517334 45
1684232584300 2.5888924598693848 46
1684232584892 2.568248748779297 47
1684232585485 2.5627593994140625 48
1684232586080 2.5561840534210205 49
1684232586674 2.555495500564575 50
1684232587268 2.545142412185669 51
1684232587860 2.54182767868042 52
1684232588453 2.5389575958251953 53
1684232589046 2.523770809173584 54
1684232589641 2.5189831256866455 55
1684232590238 2.521005153656006 56
1684232590836 2.522393226623535 57
1684232591432 2.5113165378570557 58
1684232592030 2.5075225830078125 59
1684232592622 2.5006422996520996 60
1684232593215 2.5000851154327393 61
1684232593807 2.495246410369873 62
1684232594398 2.4976210594177246 63
1684232594991 2.4932363033294678 64
1684232595587 2.486985683441162 65
1684232596178 2.4856419563293457 66
1684232596773 2.477280616760254 67
1684232597364 2.4812450408935547 68
1684232597957 2.4741644859313965 69
1684232598548 2.4734151363372803 70
1684232599141 2.4775638580322266 71
1684232599734 2.468881130218506 72
1684232600326 2.465874195098877 73
1684232600920 2.4684886932373047 74
1684232601513 2.4601430892944336 75
1684232602104 2.453390598297119 76
1684232602697 2.4687342643737793 77
1684232603288 2.453819990158081 78
1684232603879 2.461027145385742 79
1684232604475 2.444403886795044 80
1684232605069 2.4555177688598633 81
1684232605677 2.449847459793091 82
1684232606316 2.450042486190796 83
1684232606919 2.446488380432129 84
1684232607527 2.455026626586914 85
1684232608127 2.4388065338134766 86
1684232608733 2.4461350440979004 87
1684232609355 2.4431796073913574 88
1684232609974 2.4388296604156494 89
1684232610582 2.4435389041900635 90
1684232611187 2.4444165229797363 91
1684232611792 2.436520576477051 92
1684232612392 2.428813934326172 93
1684232612997 2.430427074432373 94
1684232613603 2.428941488265991 95
1684232614215 2.426072597503662 96
1684232614811 2.4287686347961426 97
1684232615409 2.4226107597351074 98
1684232616007 2.4220378398895264 99
1684232616603 2.421894073486328 100
1684232617200 2.4178779125213623 101
1684232617795 2.418212652206421 102
1684232618388 2.4224791526794434 103
1684232618984 2.4132261276245117 104
1684232619585 2.4164955615997314 105
1684232620219 2.4162144660949707 106
1684232620819 2.4203712940216064 107
1684232621417 2.4133644104003906 108
1684232622010 2.4155819416046143 109
1684232622604 2.4048829078674316 110
1684232623198 2.4036450386047363 111
1684232623792 2.4073925018310547 112
1684232624385 2.4045863151550293 113
1684232624983 2.409980535507202 114
1684232625578 2.389396905899048 115
1684232626172 2.3918044567108154 116
1684232626766 2.394941806793213 117
1684232627359 2.3964500427246094 118
1684232627952 2.4026451110839844 119
1684232628567 2.389000415802002 120
1684232629200 2.388532876968384 121
1684232629820 2.3999812602996826 122
1684232630435 2.3949594497680664 123
1684232631034 2.39017653465271 124
1684232631645 2.387010097503662 125
1684232632242 2.3900749683380127 126
1684232632839 2.379622459411621 127
1684232633433 2.3868865966796875 128
1684232634090 2.3824222087860107 129
1684232634721 2.3804750442504883 130
1684232635317 2.3799476623535156 131
1684232635913 2.3735246658325195 132
1684232636521 2.370706558227539 133
1684232637119 2.3793365955352783 134
1684232637714 2.3727595806121826 135
1684232638308 2.3712329864501953 136
1684232638900 2.375800848007202 137
1684232639494 2.3739476203918457 138
1684232640088 2.3653512001037598 139
1684232640725 2.374021053314209 140
1684232641346 2.3682117462158203 141
1684232641995 2.3659443855285645 142
1684232642618 2.3743791580200195 143
1684232643249 2.3593153953552246 144
1684232643897 2.3661768436431885 145
1684232644549 2.357701063156128 146
1684232645193 2.360848903656006 147
1684232645804 2.362476348876953 148
1684232646435 2.362621784210205 149
1684232647090 2.3531460762023926 150
