1683915493707 0.6954611539840698 1
1683915505250 0.6939083933830261 2
1683915515648 0.6925225257873535 3
1683915526199 0.6925578117370605 4
1683915536446 0.6916818022727966 5
1683915546381 0.691176176071167 6
1683915558446 0.6908657550811768 7
1683915569354 0.6906594038009644 8
1683915579304 0.6904643774032593 9
1683915589851 0.6900399923324585 10
1683915599871 0.6899086236953735 11
1683915610497 0.6900533437728882 12
1683915620587 0.690143346786499 13
1683915630997 0.6900169253349304 14
1683915641693 0.6894118189811707 15
1683915652898 0.6895220279693604 16
1683915663286 0.6895574331283569 17
1683915673097 0.6892973780632019 18
1683915682842 0.6890593767166138 19
1683915692365 0.6892780065536499 20
1683915702645 0.6888816356658936 21
1683915712760 0.6888719797134399 22
1683915723004 0.6887444853782654 23
1683915734246 0.6885997653007507 24
1683915744877 0.6885412931442261 25
1683915754814 0.6882681250572205 26
1683915766389 0.6880353689193726 27
1683915777619 0.6879231929779053 28
1683915787483 0.6875502467155457 29
1683915797754 0.6873780488967896 30
1683915808080 0.6870107650756836 31
1683915817542 0.6867388486862183 32
1683915828192 0.6862450838088989 33
1683915839761 0.6857775449752808 34
1683915850412 0.6852915287017822 35
1683915860980 0.6847590804100037 36
1683915870687 0.6840061545372009 37
1683915881631 0.6833762526512146 38
1683915890989 0.6824168562889099 39
1683915901647 0.6816498637199402 40
1683915911281 0.6802163124084473 41
1683915921516 0.6791062355041504 42
1683915930875 0.6779145002365112 43
1683915941207 0.6765195727348328 44
1683915950922 0.6746286153793335 45
1683915961143 0.6727023124694824 46
1683915970442 0.6703670024871826 47
1683915980730 0.6680084466934204 48
1683915990244 0.6652325391769409 49
1683915999560 0.6626027822494507 50
1683916009870 0.6593021154403687 51
1683916019309 0.656417727470398 52
1683916029741 0.6530598402023315 53
1683916039076 0.6496896743774414 54
1683916048437 0.6466333866119385 55
1683916058947 0.6443394422531128 56
1683916068379 0.6429097652435303 57
1683916077659 0.639482319355011 58
1683916088142 0.6393155455589294 59
1683916097557 0.637097954750061 60
1683916106870 0.6338963508605957 61
1683916117361 0.6326696872711182 62
1683916126676 0.631973385810852 63
1683916136009 0.6313509345054626 64
1683916146543 0.6297741532325745 65
1683916155953 0.6297383308410645 66
1683916165333 0.6283951997756958 67
1683916175927 0.6270937919616699 68
1683916185338 0.6263583898544312 69
1683916194729 0.6268010139465332 70
1683916205440 0.6261316537857056 71
1683916214767 0.6253828406333923 72
1683916224237 0.6247621774673462 73
1683916233522 0.624505877494812 74
1683916244254 0.6247611045837402 75
1683916253585 0.6233097910881042 76
1683916262905 0.6227920055389404 77
1683916272164 0.6226126551628113 78
1683916282828 0.6224221587181091 79
1683916292082 0.6222714781761169 80
1683916301441 0.6226812601089478 81
1683916312203 0.6217725276947021 82
1683916321498 0.619844913482666 83
1683916330834 0.620586633682251 84
1683916340528 0.6195716261863708 85
1683916351878 0.6189704537391663 86
1683916361261 0.6185514330863953 87
1683916370572 0.618769645690918 88
1683916379872 0.618973970413208 89
1683916389237 0.6197113990783691 90
1683916400106 0.6180764436721802 91
1683916409539 0.6178914308547974 92
1683916418899 0.6178662776947021 93
1683916428248 0.6177298426628113 94
1683916439311 0.61780846118927 95
1683916448523 0.6178563833236694 96
1683916457838 0.6174478530883789 97
1683916467183 0.6157065033912659 98
1683916476467 0.6157269477844238 99
1683916487676 0.6150808334350586 100
