1683904564036 0.6964997053146362 1
1683904574698 0.6944043636322021 2
1683904585757 0.6944206953048706 3
1683904596952 0.6949350237846375 4
1683904608000 0.6940373182296753 5
1683904618935 0.6932973265647888 6
1683904629799 0.6932114362716675 7
1683904640871 0.693077564239502 8
1683904651741 0.6931211948394775 9
1683904662960 0.6927844285964966 10
1683904674078 0.6928293108940125 11
1683904684842 0.6928228139877319 12
1683904695770 0.6929113864898682 13
1683904706563 0.6928171515464783 14
1683904717286 0.6927400827407837 15
1683904728779 0.6928422451019287 16
1683904741194 0.6928712725639343 17
1683904753881 0.6928589344024658 18
1683904765121 0.6927937865257263 19
1683904775613 0.6929244995117188 20
1683904786598 0.6929504871368408 21
1683904797894 0.6929575800895691 22
1683904809956 0.6929771900177002 23
1683904821550 0.6929500102996826 24
1683904833155 0.6929659843444824 25
1683904844012 0.6930293440818787 26
1683904855018 0.6930645704269409 27
1683904865454 0.6930559873580933 28
1683904875190 0.6930481791496277 29
1683904885684 0.6930481195449829 30
1683904896234 0.693081796169281 31
1683904905978 0.6930815577507019 32
1683904916387 0.6930974721908569 33
1683904927260 0.6930971145629883 34
1683904937192 0.6931118965148926 35
1683904947494 0.6931016445159912 36
1683904957376 0.6931282877922058 37
1683904967881 0.6931272745132446 38
