1684233144702 29.835205078125 1
1684233145376 22.90375518798828 2
1684233146046 18.057518005371094 3
1684233146685 14.818052291870117 4
1684233147301 12.43195629119873 5
1684233147909 10.86280632019043 6
1684233148502 9.498250961303711 7
1684233149095 9.054267883300781 8
1684233149690 8.02348518371582 9
1684233150284 7.645044326782227 10
1684233150879 7.105631351470947 11
1684233151477 6.563157558441162 12
1684233152074 6.352847576141357 13
1684233152668 5.999754905700684 14
1684233153265 5.898282527923584 15
1684233153862 5.621882438659668 16
1684233154461 5.630019187927246 17
1684233155078 5.335458755493164 18
1684233155713 5.054948329925537 19
1684233156328 5.056424140930176 20
1684233156942 4.831194877624512 21
1684233157567 4.854597091674805 22
1684233158186 4.708680152893066 23
1684233158810 4.763845443725586 24
1684233159421 4.549426555633545 25
1684233160031 4.468716144561768 26
1684233160662 4.414273262023926 27
1684233161290 4.332359790802002 28
1684233161888 4.230650901794434 29
1684233162518 4.269989013671875 30
1684233163150 4.1458048820495605 31
1684233163769 4.172183036804199 32
1684233164388 4.105152130126953 33
1684233165013 4.076987266540527 34
1684233165624 3.9604430198669434 35
1684233166248 3.9508213996887207 36
1684233166867 3.839702844619751 37
1684233167489 3.9121832847595215 38
1684233168088 3.8293628692626953 39
1684233168683 3.8126888275146484 40
1684233169280 3.8173766136169434 41
1684233169877 3.735893726348877 42
1684233170474 3.7558608055114746 43
1684233171071 3.6608145236968994 44
1684233171665 3.6010537147521973 45
1684233172258 3.575451135635376 46
1684233172855 3.5629215240478516 47
1684233173454 3.535661458969116 48
1684233174052 3.502887487411499 49
1684233174646 3.4734630584716797 50
1684233175241 3.4690895080566406 51
1684233175837 3.5170023441314697 52
1684233176431 3.4480926990509033 53
1684233177027 3.4344944953918457 54
1684233177626 3.382821798324585 55
1684233178220 3.368234872817993 56
1684233178815 3.3839526176452637 57
1684233179409 3.4263176918029785 58
1684233180006 3.337050437927246 59
1684233180601 3.331101655960083 60
1684233181199 3.309926748275757 61
1684233181796 3.301218271255493 62
1684233182390 3.2659249305725098 63
1684233182986 3.2553858757019043 64
1684233183582 3.2442519664764404 65
1684233184177 3.2471048831939697 66
1684233184772 3.243882894515991 67
1684233185366 3.2210893630981445 68
1684233185964 3.1748852729797363 69
1684233186562 3.230971336364746 70
1684233187157 3.192451238632202 71
1684233187753 3.1624503135681152 72
1684233188352 3.1703922748565674 73
1684233188945 3.1399083137512207 74
1684233189541 3.1441779136657715 75
1684233190135 3.128357410430908 76
1684233190728 3.123178005218506 77
1684233191321 3.1024298667907715 78
1684233191916 3.1160476207733154 79
1684233192511 3.0994760990142822 80
1684233193108 3.1003899574279785 81
1684233193702 3.1014697551727295 82
1684233194301 3.0700645446777344 83
1684233194899 3.0656566619873047 84
1684233195495 3.058835983276367 85
1684233196090 3.056919813156128 86
1684233196684 3.034273386001587 87
1684233197278 3.0232763290405273 88
1684233197872 3.031765937805176 89
1684233198466 3.011338949203491 90
1684233199060 3.0002126693725586 91
1684233199654 3.008293628692627 92
1684233200249 3.00095272064209 93
1684233200845 2.9867136478424072 94
1684233201439 2.985158920288086 95
1684233202032 2.976315975189209 96
1684233202630 2.9809842109680176 97
1684233203224 2.9698715209960938 98
1684233203819 2.960610866546631 99
1684233204415 2.9601402282714844 100
1684233205028 2.949672222137451 101
1684233205646 2.957819700241089 102
1684233206262 2.963866710662842 103
1684233206893 2.942779779434204 104
1684233207494 2.940310001373291 105
1684233208097 2.9378628730773926 106
1684233208698 2.9275124073028564 107
1684233209294 2.917787790298462 108
1684233209892 2.9179482460021973 109
1684233210490 2.9228506088256836 110
1684233211089 2.9169561862945557 111
1684233211682 2.9132821559906006 112
1684233212276 2.9012386798858643 113
1684233212871 2.9089293479919434 114
1684233213467 2.905144453048706 115
1684233214061 2.895188808441162 116
1684233214656 2.902153730392456 117
1684233215253 2.9025912284851074 118
1684233215847 2.9162650108337402 119
1684233216440 2.888052463531494 120
1684233217032 2.886765956878662 121
1684233217659 2.8805360794067383 122
1684233218282 2.8872079849243164 123
1684233218894 2.8723907470703125 124
1684233219489 2.872969627380371 125
1684233220085 2.8725380897521973 126
1684233220682 2.8738529682159424 127
1684233221276 2.864633321762085 128
1684233221871 2.8674123287200928 129
1684233222469 2.8642542362213135 130
1684233223064 2.8631906509399414 131
1684233223661 2.861293077468872 132
1684233224255 2.85486102104187 133
1684233224850 2.851743698120117 134
1684233225458 2.8492112159729004 135
1684233226055 2.8527779579162598 136
1684233226652 2.847977638244629 137
1684233227248 2.8509812355041504 138
1684233227842 2.8531997203826904 139
1684233228435 2.8495242595672607 140
1684233229029 2.8498384952545166 141
1684233229625 2.836881399154663 142
1684233230219 2.8404431343078613 143
1684233230817 2.8437612056732178 144
1684233231412 2.8350956439971924 145
1684233232006 2.838183641433716 146
1684233232601 2.8345015048980713 147
1684233233195 2.8338699340820312 148
1684233233789 2.8323631286621094 149
1684233234385 2.831498146057129 150
