1683980732065 19.537450790405273 1
1683980732701 11.67597770690918 2
1683980733333 7.201745986938477 3
1683980733924 5.074996471405029 4
1683980734541 3.978245973587036 5
1683980735151 3.38246488571167 6
1683980735786 3.1096606254577637 7
1683980736422 2.9563474655151367 8
1683980737023 2.8628036975860596 9
1683980737626 2.8149912357330322 10
1683980738220 2.783494472503662 11
1683980738811 2.7637429237365723 12
1683980739413 2.7503602504730225 13
1683980740040 2.7378761768341064 14
1683980740664 2.7286179065704346 15
1683980741259 2.7196826934814453 16
1683980741852 2.7132956981658936 17
1683980742444 2.7077524662017822 18
1683980743036 2.6978416442871094 19
1683980743626 2.683056354522705 20
1683980744216 2.683234214782715 21
1683980744807 2.6719000339508057 22
1683980745430 2.6671228408813477 23
1683980746029 2.660296678543091 24
1683980746650 2.650031089782715 25
