1684233340511 110.99435424804688 1
1684233341125 83.27383422851562 2
1684233341721 63.89777374267578 3
1684233342320 50.94041442871094 4
1684233342952 41.392539978027344 5
1684233343557 35.122032165527344 6
1684233344212 29.66630744934082 7
1684233344870 27.892642974853516 8
1684233345480 23.772884368896484 9
1684233346075 22.258899688720703 10
1684233346679 20.090198516845703 11
1684233347272 17.937088012695312 12
1684233347876 17.090713500976562 13
1684233348489 15.675310134887695 14
1684233349088 15.259300231933594 15
1684233349684 14.165185928344727 16
1684233350279 14.200399398803711 17
1684233350875 13.01616096496582 18
1684233351489 11.897882461547852 19
1684233352082 11.907966613769531 20
1684233352705 10.998449325561523 21
1684233353328 11.099540710449219 22
1684233353972 10.516326904296875 23
1684233354574 10.738237380981445 24
1684233355172 9.875137329101562 25
1684233355815 9.560834884643555 26
1684233356448 9.338753700256348 27
1684233357049 9.008258819580078 28
1684233357644 8.611213684082031 29
1684233358238 8.757583618164062 30
1684233358832 8.268195152282715 31
1684233359426 8.36806583404541 32
1684233360020 8.108636856079102 33
1684233360616 7.9910688400268555 34
1684233361210 7.525065898895264 35
1684233361803 7.4874348640441895 36
1684233362399 7.039699554443359 37
1684233362990 7.330904483795166 38
1684233363582 6.995082855224609 39
1684233364173 6.9412736892700195 40
1684233364765 6.955574989318848 41
1684233365369 6.620741844177246 42
1684233365963 6.698228359222412 43
1684233366558 6.3258562088012695 44
1684233367152 6.077467918395996 45
1684233367745 5.980623245239258 46
1684233368338 5.932628631591797 47
1684233368932 5.822863578796387 48
1684233369523 5.694066524505615 49
1684233370115 5.572325706481934 50
1684233370707 5.559457778930664 51
1684233371298 5.7488274574279785 52
1684233371893 5.476856708526611 53
1684233372485 5.418920040130615 54
1684233373080 5.214815616607666 55
1684233373672 5.154211044311523 56
1684233374266 5.215672016143799 57
1684233374857 5.390117168426514 58
1684233375449 5.026674270629883 59
1684233376041 5.002381801605225 60
1684233376633 4.914824962615967 61
1684233377229 4.882221698760986 62
1684233377822 4.745738983154297 63
1684233378413 4.6998162269592285 64
1684233379046 4.6563401222229 65
1684233379646 4.672876358032227 66
1684233380242 4.653874397277832 67
1684233380836 4.567054271697998 68
1684233381430 4.379586219787598 69
1684233382024 4.599204063415527 70
1684233382631 4.449695587158203 71
1684233383270 4.326385498046875 72
1684233383880 4.3587565422058105 73
1684233384477 4.237505912780762 74
1684233385076 4.256210803985596 75
1684233385673 4.19577169418335 76
1684233386279 4.173120498657227 77
1684233386878 4.09300422668457 78
1684233387486 4.146142959594727 79
1684233388101 4.082452774047852 80
1684233388704 4.082883358001709 81
1684233389305 4.087706089019775 82
1684233389909 3.956397294998169 83
1684233390516 3.9414474964141846 84
1684233391151 3.9170212745666504 85
1684233391810 3.9085307121276855 86
1684233392453 3.8223743438720703 87
1684233393089 3.775315999984741 88
1684233393711 3.806412696838379 89
1684233394319 3.7298171520233154 90
1684233394945 3.684295654296875 91
1684233395564 3.7135708332061768 92
1684233396194 3.689640998840332 93
1684233396829 3.6316635608673096 94
1684233397469 3.6270813941955566 95
1684233398099 3.589458465576172 96
1684233398733 3.6038811206817627 97
1684233399366 3.5627150535583496 98
1684233399994 3.528394937515259 99
1684233400629 3.523012399673462 100
1684233401247 3.486550807952881 101
1684233401853 3.518007755279541 102
1684233402482 3.5411105155944824 103
1684233403118 3.456838607788086 104
1684233403762 3.444594383239746 105
1684233404384 3.4401793479919434 106
1684233405023 3.3971071243286133 107
1684233405640 3.3603408336639404 108
1684233406265 3.359147071838379 109
1684233406862 3.3792686462402344 110
1684233407459 3.3542089462280273 111
1684233408062 3.3435633182525635 112
1684233408661 3.2904438972473145 113
1684233409261 3.323385715484619 114
1684233409859 3.3088130950927734 115
1684233410468 3.272245407104492 116
1684233411070 3.302529811859131 117
1684233411664 3.2995166778564453 118
1684233412266 3.357253074645996 119
1684233412864 3.2434022426605225 120
1684233413463 3.238572597503662 121
1684233414070 3.2102344036102295 122
1684233414708 3.237948179244995 123
1684233415326 3.184225082397461 124
1684233415961 3.1856234073638916 125
1684233416591 3.184952974319458 126
1684233417202 3.1907567977905273 127
1684233417818 3.1530394554138184 128
1684233418439 3.1634087562561035 129
1684233419067 3.151020050048828 130
1684233419669 3.147045373916626 131
1684233420295 3.141939878463745 132
1684233420894 3.1140825748443604 133
1684233421493 3.1049692630767822 134
1684233422096 3.0938761234283447 135
1684233422699 3.105163335800171 136
1684233423294 3.087221384048462 137
1684233423889 3.1012282371520996 138
1684233424516 3.109597682952881 139
1684233425113 3.0968050956726074 140
1684233425711 3.0959818363189697 141
1684233426328 3.0466532707214355 142
1684233426931 3.055474281311035 143
1684233427525 3.077599048614502 144
1684233428126 3.035367012023926 145
1684233428750 3.052649736404419 146
1684233429357 3.0345540046691895 147
1684233429982 3.0347952842712402 148
1684233430578 3.0298614501953125 149
1684233431176 3.029128074645996 150
