1684231600256 2.784280300140381 1
1684231600885 2.776623487472534 2
1684231601508 2.7692930698394775 3
1684231602161 2.762321710586548 4
1684231602771 2.7522969245910645 5
1684231603389 2.744884967803955 6
1684231603991 2.7355668544769287 7
1684231604593 2.7297818660736084 8
1684231605227 2.7184231281280518 9
1684231605861 2.70379900932312 10
1684231606490 2.690433979034424 11
1684231607123 2.67893648147583 12
1684231607752 2.6569626331329346 13
1684231608375 2.6486589908599854 14
1684231608973 2.637261390686035 15
1684231609595 2.622697114944458 16
1684231610218 2.6173932552337646 17
1684231610818 2.60996150970459 18
1684231611445 2.600503444671631 19
1684231612077 2.574310064315796 20
1684231612709 2.57316255569458 21
1684231613348 2.560957431793213 22
1684231613978 2.555175304412842 23
1684231614594 2.5463016033172607 24
1684231615205 2.5413331985473633 25
1684231615813 2.5390124320983887 26
1684231616425 2.5332250595092773 27
1684231617040 2.526634693145752 28
1684231617656 2.5248661041259766 29
1684231618304 2.518406391143799 30
1684231618928 2.5126936435699463 31
1684231619545 2.512295722961426 32
1684231620160 2.508118152618408 33
1684231620804 2.5067975521087646 34
1684231621429 2.5083296298980713 35
1684231622029 2.498025417327881 36
1684231622628 2.503669261932373 37
1684231623235 2.494889259338379 38
1684231623836 2.4796900749206543 39
1684231624432 2.480057716369629 40
1684231625028 2.486898183822632 41
1684231625628 2.487111806869507 42
1684231626222 2.4908761978149414 43
1684231626827 2.4855337142944336 44
1684231627429 2.4700331687927246 45
1684231628023 2.480333089828491 46
1684231628635 2.4687747955322266 47
1684231629237 2.4673233032226562 48
1684231629848 2.4680380821228027 49
1684231630445 2.459981918334961 50
1684231631068 2.466076374053955 51
1684231631673 2.4609622955322266 52
1684231632279 2.46205735206604 53
1684231632892 2.4561140537261963 54
1684231633504 2.4538798332214355 55
1684231634117 2.4553160667419434 56
1684231634721 2.4620299339294434 57
1684231635320 2.449880599975586 58
1684231635927 2.4490602016448975 59
1684231636565 2.442765235900879 60
1684231637186 2.4453284740448 61
1684231637810 2.444760322570801 62
1684231638407 2.4466583728790283 63
1684231639000 2.44651198387146 64
1684231639636 2.441295623779297 65
1684231640280 2.440357208251953 66
1684231640904 2.431218147277832 67
1684231641513 2.4396324157714844 68
1684231642129 2.432152509689331 69
1684231642751 2.4300146102905273 70
1684231643374 2.4388604164123535 71
1684231643998 2.428096294403076 72
1684231644637 2.422361373901367 73
1684231645263 2.4293808937072754 74
1684231645884 2.4199442863464355 75
1684231646504 2.4153904914855957 76
1684231647131 2.435129165649414 77
1684231647759 2.4198215007781982 78
1684231648378 2.424699068069458 79
1684231649020 2.410784959793091 80
1684231649627 2.418322801589966 81
1684231650223 2.42006516456604 82
1684231650860 2.409228563308716 83
1684231651493 2.414609909057617 84
1684231652123 2.418609619140625 85
1684231652727 2.4072344303131104 86
1684231653325 2.4099385738372803 87
1684231653923 2.405463457107544 88
1684231654520 2.4038937091827393 89
1684231655118 2.4151668548583984 90
1684231655716 2.4093945026397705 91
1684231656313 2.4079158306121826 92
1684231656907 2.400254964828491 93
1684231657527 2.398416519165039 94
1684231658131 2.3927602767944336 95
1684231658727 2.3954241275787354 96
1684231659326 2.399024486541748 97
1684231659955 2.392829179763794 98
1684231660574 2.3878977298736572 99
1684231661171 2.3943533897399902 100
1684231661772 2.3858113288879395 101
1684231662371 2.3942787647247314 102
1684231662970 2.393238067626953 103
1684231663586 2.388606548309326 104
1684231664190 2.387850522994995 105
1684231664786 2.3861608505249023 106
1684231665391 2.3904361724853516 107
1684231665988 2.385312080383301 108
1684231666612 2.3855690956115723 109
1684231667216 2.3773908615112305 110
1684231667817 2.371736526489258 111
1684231668416 2.376174211502075 112
1684231669017 2.3800888061523438 113
1684231669620 2.3738033771514893 114
1684231670218 2.362149715423584 115
1684231670819 2.365602493286133 116
1684231671415 2.3665883541107178 117
1684231672013 2.364522695541382 118
1684231672613 2.369831085205078 119
1684231673210 2.3619484901428223 120
1684231673808 2.3600172996520996 121
1684231674424 2.369880437850952 122
1684231675035 2.359067440032959 123
1684231675638 2.357296943664551 124
1684231676241 2.357632875442505 125
1684231676845 2.3627941608428955 126
1684231677456 2.3564796447753906 127
1684231678069 2.3555614948272705 128
1684231678684 2.3552563190460205 129
1684231679290 2.3524601459503174 130
1684231679894 2.348184585571289 131
1684231680501 2.34806489944458 132
1684231681102 2.345771074295044 133
1684231681703 2.348453998565674 134
1684231682304 2.347597599029541 135
1684231682899 2.3435263633728027 136
1684231683497 2.347736358642578 137
1684231684111 2.3464016914367676 138
1684231684716 2.3339476585388184 139
1684231685311 2.3464958667755127 140
1684231685911 2.3345532417297363 141
1684231686508 2.3383989334106445 142
1684231687107 2.339614152908325 143
1684231687711 2.3292489051818848 144
1684231688312 2.3344037532806396 145
1684231688914 2.331676483154297 146
1684231689519 2.329010009765625 147
1684231690114 2.3323137760162354 148
1684231690714 2.3335392475128174 149
1684231691313 2.3211116790771484 150
