1683967480532 0.8805896043777466 1
1683967491450 0.7091977000236511 2
1683967502302 0.6837785243988037 3
1683967513616 0.6804860830307007 4
1683967524834 0.6782597303390503 5
1683967535902 0.674223780632019 6
1683967546798 0.6701058149337769 7
1683967557839 0.6641232967376709 8
1683967569958 0.6570618152618408 9
1683967582229 0.6518616676330566 10
1683967592864 0.647197961807251 11
1683967776987 0.6434732675552368 12
1683967787589 0.6373844146728516 13
1683967798284 0.6347105503082275 14
1683967809628 0.6310275793075562 15
1683967820878 0.6288405656814575 16
1683967832840 0.6295458078384399 17
1683967844577 0.6273325681686401 18
1683967855347 0.6228567361831665 19
1683967866438 0.6239724159240723 20
1683967877712 0.6198038458824158 21
1683967888642 0.6199308037757874 22
1683967899685 0.6191893815994263 23
1683967911442 0.6197160482406616 24
1683967922629 0.6219891905784607 25
1683967933607 0.6155376434326172 26
1683967943900 0.6128058433532715 27
1683967955827 0.6155050992965698 28
1683967967864 0.6130073070526123 29
1683967978518 0.61236172914505 30
1683967990356 0.6107692718505859 31
1683968001361 0.6097503900527954 32
1683968012200 0.6084596514701843 33
1683968024661 0.6087740063667297 34
1683968035917 0.6084345579147339 35
1683968047015 0.6077117919921875 36
1683968058249 0.6044817566871643 37
1683968068629 0.6082028150558472 38
1683968080189 0.6066750288009644 39
1683968090589 0.6076295375823975 40
1683968102555 0.6032677888870239 41
1683968113848 0.6034228801727295 42
1683968126524 0.6036396026611328 43
1683968137074 0.6032679677009583 44
1683968148911 0.6000432968139648 45
1683968159091 0.6013389825820923 46
1683968169255 0.5990519523620605 47
1683968180665 0.5994316339492798 48
1683968191250 0.5969345569610596 49
1683968202570 0.5959457159042358 50
