1683914583011 0.6952009201049805 1
1683914593460 0.6938690543174744 2
1683914604532 0.6936478614807129 3
1683914614439 0.6931719183921814 4
1683914625923 0.6930075883865356 5
1683914635966 0.6923824548721313 6
1683914646666 0.6922914385795593 7
1683914657831 0.6916951537132263 8
1683914668127 0.6922715902328491 9
1683914678334 0.6919590830802917 10
1683914689285 0.6917014122009277 11
1683914699911 0.6920894384384155 12
1683914711251 0.6917275190353394 13
1683914721665 0.692054271697998 14
1683914732731 0.6916331648826599 15
1683914743612 0.6919255256652832 16
1683914754494 0.6919658184051514 17
1683914764217 0.6920156478881836 18
1683914774277 0.6920932531356812 19
1683914783839 0.6920731067657471 20
1683914793672 0.6922210454940796 21
1683914803558 0.6923075914382935 22
1683914813564 0.6923124194145203 23
1683914823624 0.6923496723175049 24
1683914833889 0.6924569010734558 25
1683914843374 0.6925877332687378 26
1683914853649 0.6925687193870544 27
1683914863681 0.6926956176757812 28
1683914873301 0.6926928758621216 29
1683914883509 0.6926993131637573 30
1683914893661 0.6928152441978455 31
1683914903068 0.6928211450576782 32
1683914913336 0.6928619742393494 33
1683914923659 0.6929037570953369 34
1683914933339 0.6929261088371277 35
1683914943550 0.6929301023483276 36
1683914953157 0.6930190324783325 37
1683914963239 0.6930192708969116 38
1683914972836 0.6930503249168396 39
1683914983951 0.693056046962738 40
1683914994235 0.6930569410324097 41
1683915005618 0.6930741667747498 42
1683915016358 0.6930863857269287 43
1683915028684 0.6930975914001465 44
