1683923593947 0.6933077573776245 1
1683923607129 0.6862561702728271 2
1683923617668 0.6801833510398865 3
1683923629433 0.671990156173706 4
1683923641038 0.6634477972984314 5
1683923652175 0.6530899405479431 6
1683923662196 0.6456454992294312 7
1683923672528 0.6453776955604553 8
1683923683338 0.6394219398498535 9
1683923693814 0.6401268243789673 10
1683923703975 0.633745551109314 11
1683923713763 0.6325587630271912 12
1683923723769 0.6282047033309937 13
1683923733419 0.6292600035667419 14
1683923743171 0.6253833174705505 15
1683923752951 0.6238356232643127 16
1683923763153 0.6232993602752686 17
1683923772985 0.6214663982391357 18
1683923782772 0.6205154061317444 19
1683923792218 0.6188119649887085 20
1683923801982 0.6186611652374268 21
1683923811954 0.619381308555603 22
1683923821884 0.6170096397399902 23
1683923831728 0.6172844171524048 24
1683923841752 0.6182546615600586 25
1683923851156 0.6147074699401855 26
1683923861083 0.614654541015625 27
1683923871187 0.613553524017334 28
1683923880574 0.6114158630371094 29
1683923890561 0.6121892333030701 30
1683923900592 0.6080639362335205 31
1683923910027 0.6103758215904236 32
1683923920118 0.6090757846832275 33
1683923930306 0.60821133852005 34
1683923939772 0.6059644222259521 35
1683923950002 0.6055578589439392 36
1683923959843 0.6060163378715515 37
1683923969893 0.6071767210960388 38
1683923979288 0.6049143075942993 39
1683923989463 0.6025317907333374 40
1683923999017 0.6021230220794678 41
1683924009260 0.6011179685592651 42
1683924018710 0.6033031940460205 43
1683924028889 0.6019234657287598 44
1683924038511 0.6008610129356384 45
1683924048829 0.6011319756507874 46
1683924058318 0.5973676443099976 47
1683924068760 0.5993005037307739 48
1683924078155 0.5965147018432617 49
1683924087539 0.5957595705986023 50
1683924097886 0.5984233617782593 51
1683924107256 0.5938615202903748 52
1683924117736 0.5947693586349487 53
1683924127268 0.5939967632293701 54
1683924136601 0.5931869745254517 55
1683924147057 0.5912655591964722 56
1683924156453 0.5926122665405273 57
1683924165932 0.5914329290390015 58
1683924176715 0.5884963870048523 59
1683924186060 0.5892961025238037 60
1683924195645 0.5883845686912537 61
1683924206230 0.5872131586074829 62
1683924215692 0.5879805684089661 63
1683924225153 0.5828617215156555 64
1683924235792 0.5875085592269897 65
1683924245124 0.5848163962364197 66
1683924254503 0.5859322547912598 67
1683924265201 0.5839358568191528 68
1683924274744 0.5825487971305847 69
1683924284265 0.5811309218406677 70
1683924295293 0.5799384117126465 71
1683924304624 0.5785066485404968 72
1683924314021 0.5778390169143677 73
1683924323399 0.5787197351455688 74
1683924334113 0.5771791338920593 75
1683924343537 0.5749047994613647 76
1683924353010 0.578636884689331 77
1683924362430 0.5762073993682861 78
1683924373183 0.5740231275558472 79
1683924382580 0.5716406106948853 80
1683924392011 0.575618326663971 81
1683924402941 0.5698094367980957 82
1683924412280 0.5695086121559143 83
1683924421711 0.5699057579040527 84
1683924431147 0.5644065141677856 85
1683924442198 0.5658106803894043 86
1683924451607 0.5639022588729858 87
1683924461007 0.5672783851623535 88
1683924470384 0.5633902549743652 89
1683924479843 0.5654181838035583 90
1683924490889 0.5628041625022888 91
1683924500419 0.5639881491661072 92
1683924509742 0.5641719698905945 93
1683924519146 0.5607560276985168 94
1683924530764 0.5591594576835632 95
1683924540654 0.5592442750930786 96
1683924550296 0.555551290512085 97
1683924559722 0.5558357238769531 98
1683924569252 0.5555340051651001 99
1683924580402 0.5542199015617371 100
