1683964198231 1.0926456451416016 1
1683964209332 0.7481860518455505 2
1683964221403 0.6991610527038574 3
1683964232772 0.6922788023948669 4
1683964244740 0.6898924708366394 5
1683964256015 0.688232421875 6
1683964267245 0.6860617399215698 7
1683964278080 0.6842726469039917 8
1683964288785 0.6812567710876465 9
1683964299874 0.677611768245697 10
1683964310680 0.6748565435409546 11
1683964322710 0.6712659597396851 12
1683964334580 0.6670538783073425 13
1683964346267 0.6609274744987488 14
1683964358314 0.6566982269287109 15
1683964369557 0.6514265537261963 16
1683964380339 0.6478029489517212 17
1683964391612 0.6452099084854126 18
1683964402783 0.6412814259529114 19
1683964413759 0.6401338577270508 20
1683964425664 0.6368046998977661 21
1683964437197 0.6353784799575806 22
1683964449044 0.6327822208404541 23
1683964459924 0.6344956159591675 24
1683964471275 0.6316084265708923 25
1683964482445 0.6272857785224915 26
1683964492553 0.6239232420921326 27
1683964503481 0.6262802481651306 28
1683964514526 0.625389575958252 29
1683964525273 0.6242706775665283 30
1683964535850 0.6222019195556641 31
1683964547122 0.6214693784713745 32
1683964558171 0.6199921369552612 33
1683964569498 0.6187654733657837 34
1683964580047 0.6186745166778564 35
1683964592768 0.6173731684684753 36
1683964605221 0.6164559721946716 37
1683964616498 0.6175124049186707 38
1683964627823 0.6169396638870239 39
1683964638218 0.6159480810165405 40
1683964652293 0.6138006448745728 41
1683964662839 0.6139400005340576 42
1683964676359 0.6143656969070435 43
1683964687613 0.6144956350326538 44
1683964699632 0.6109147667884827 45
1683964711471 0.6109640002250671 46
1683964722882 0.6078008413314819 47
1683964735996 0.6091064214706421 48
1683964748197 0.6084238290786743 49
1683964761390 0.6085895299911499 50
