1684228804587 4410.583984375 1
1684228805183 2388.431640625 2
1684228805777 1230.2467041015625 3
1684228806373 672.8649291992188 4
1684228806967 382.864013671875 5
1684228807604 221.468994140625 6
1684228808256 145.46937561035156 7
1684228808895 102.10914611816406 8
1684228809535 75.80423736572266 9
1684228810129 62.69020080566406 10
1684228810720 53.289390563964844 11
1684228811323 47.903804779052734 12
1684228811950 45.14836883544922 13
1684228812543 42.37202072143555 14
1684228813137 40.32212448120117 15
1684228813728 37.98870086669922 16
1684228814323 37.59965133666992 17
1684228814940 36.43779754638672 18
1684228815570 34.55958557128906 19
1684228816198 32.21785354614258 20
1684228816802 33.126708984375 21
1684228817409 31.762977600097656 22
1684228818014 30.580608367919922 23
1684228818616 30.153305053710938 24
1684228819207 28.43708038330078 25
