1683965378171 1.8479489088058472 1
1683965388463 0.8688880205154419 2
1683965399064 0.7337813377380371 3
1683965409699 0.7152495384216309 4
1683965420131 0.7105352282524109 5
1683965430564 0.7048227787017822 6
1683965441231 0.7008616328239441 7
1683965452638 0.6994367837905884 8
1683965463698 0.6973835229873657 9
1683965475917 0.6955065131187439 10
1683965487096 0.6940090656280518 11
1683965498656 0.6921353340148926 12
1683965509258 0.6898958683013916 13
1683965519475 0.6890860795974731 14
1683965530407 0.687476396560669 15
1683965541832 0.685300350189209 16
1683965552443 0.6837977170944214 17
1683965562652 0.6819297075271606 18
1683965574337 0.6802796125411987 19
1683965585457 0.6774617433547974 20
1683965597133 0.6745312213897705 21
1683965609215 0.6714739203453064 22
1683965620274 0.6679258346557617 23
1683965631853 0.6648998260498047 24
1683965643655 0.662503719329834 25
1683965654686 0.6553748250007629 26
1683965665373 0.654172420501709 27
1683965676955 0.6524128317832947 28
1683965688028 0.6496137380599976 29
1683965699296 0.6461008787155151 30
1683965710877 0.6442562341690063 31
1683965723311 0.645582914352417 32
1683965734523 0.641870379447937 33
1683965747577 0.6390188932418823 34
1683965759423 0.6365139484405518 35
1683965771302 0.6343122720718384 36
1683965783601 0.6332401037216187 37
1683965794502 0.633083701133728 38
1683965807044 0.6324514746665955 39
1683965818027 0.63014817237854 40
1683965829759 0.6309238076210022 41
1683965840345 0.6298468112945557 42
1683965852041 0.6266509294509888 43
1683965862226 0.6298627257347107 44
1683965873417 0.6259762048721313 45
1683965883855 0.6234937906265259 46
1683965894015 0.6217677593231201 47
1683965904989 0.6225748658180237 48
1683965915160 0.6213974356651306 49
1683965926722 0.6209614276885986 50
