1684228827702 8818.849609375 1
1684228828339 4774.4970703125 2
1684228828936 2458.094970703125 3
1684228829534 1343.270751953125 4
1684228830138 763.23046875 5
1684228830777 440.40521240234375 6
1684228831404 288.3779602050781 7
1684228832036 201.6461181640625 8
1684228832689 149.02195739746094 9
1684228833317 122.78623962402344 10
1684228833914 103.9780502319336 11
1684228834508 93.20472717285156 12
1684228835131 87.69107055664062 13
1684228835754 82.13945770263672 14
1684228836357 78.03702545166016 15
1684228836958 73.36656188964844 16
1684228837560 72.58955383300781 17
1684228838154 70.26470947265625 18
1684228838752 66.50392150878906 19
1684228839346 61.82466506958008 20
1684228839940 63.6409912109375 21
1684228840533 60.915374755859375 22
1684228841126 58.54734802246094 23
1684228841720 57.69072723388672 24
1684228842316 54.26027297973633 25
