1683980777887 71.19719696044922 1
1683980778516 39.63736343383789 2
1683980779116 21.590435028076172 3
1683980779728 12.931650161743164 4
1683980780329 8.43657112121582 5
1683980780938 5.950300216674805 6
1683980781550 4.787537574768066 7
1683980782156 4.127312660217285 8
1683980782749 3.7270350456237793 9
1683980783338 3.5272316932678223 10
1683980783933 3.387413501739502 11
1683980784548 3.3068084716796875 12
1683980785179 3.2633590698242188 13
1683980785801 3.2204411029815674 14
1683980786433 3.1898629665374756 15
1683980787025 3.1556200981140137 16
1683980787616 3.1473467350006104 17
1683980788206 3.130770206451416 18
1683980788837 3.101046323776245 19
1683980789461 3.0619633197784424 20
1683980790071 3.075176954269409 21
1683980790664 3.0518105030059814 22
1683980791284 3.0348918437957764 23
1683980791900 3.0260541439056396 24
1683980792491 2.9990925788879395 25
