1683960516173 0.6933116912841797 1
1683960526726 0.6861447095870972 2
1683960537601 0.6791748404502869 3
1683960547701 0.6711850166320801 4
1683960557499 0.6605456471443176 5
1683960567315 0.6511768102645874 6
1683960577077 0.6443148851394653 7
1683960586879 0.6424841284751892 8
1683960596891 0.6378002166748047 9
1683960606859 0.634924054145813 10
1683960616732 0.6318224668502808 11
1683960626500 0.6314667463302612 12
1683960637328 0.6271710395812988 13
1683960648425 0.6259333491325378 14
1683960658383 0.6245450973510742 15
1683960668071 0.6216104626655579 16
1683960678244 0.6236063241958618 17
1683960688122 0.6218940615653992 18
1683960697850 0.6181113719940186 19
1683960707338 0.6186043620109558 20
1683960717095 0.617360532283783 21
1683960726895 0.6182252168655396 22
1683960736623 0.6175312995910645 23
1683960746463 0.6203688979148865 24
1683960756302 0.6204982995986938 25
1683960765651 0.6147828102111816 26
1683960775479 0.6127103567123413 27
1683960785395 0.6115007400512695 28
1683960794787 0.6124907732009888 29
1683960804772 0.6129617691040039 30
1683960814704 0.6091000437736511 31
1683960824151 0.6104485392570496 32
1683960834113 0.6106503009796143 33
1683960844052 0.6077237129211426 34
1683960853368 0.606580376625061 35
1683960863369 0.607545793056488 36
1683960872667 0.6062924265861511 37
1683960882644 0.6060264706611633 38
1683960892050 0.6070654392242432 39
1683960902319 0.6046464443206787 40
1683960911611 0.6027343273162842 41
1683960922262 0.6041421294212341 42
1683960932035 0.6053295135498047 43
1683960942182 0.6022576689720154 44
1683960951471 0.6027913093566895 45
1683960963059 0.6011983156204224 46
1683960972601 0.5985330939292908 47
1683960982844 0.6002627611160278 48
1683960992135 0.5963150262832642 49
1683961001381 0.5975524187088013 50
1683961011607 0.5992813110351562 51
1683961027730 0.5953337550163269 52
1683961038416 0.5942474603652954 53
1683961047746 0.5953547358512878 54
1683961057102 0.5938705205917358 55
1683961067398 0.5942378044128418 56
1683961076702 0.5952478051185608 57
1683961086113 0.5930997729301453 58
1683961096458 0.5951199531555176 59
1683961105830 0.5905988216400146 60
1683961115154 0.5923346281051636 61
1683961125549 0.5904023051261902 62
1683961134877 0.5892716646194458 63
1683961144213 0.5847529172897339 64
1683961154671 0.5887479782104492 65
1683961163929 0.5884116888046265 66
1683961173215 0.5866438150405884 67
1683961184083 0.5851739048957825 68
1683961193333 0.5843180418014526 69
1683961202604 0.5839760899543762 70
1683961213375 0.5827422142028809 71
1683961222819 0.5824621915817261 72
1683961232537 0.583969235420227 73
1683961242679 0.5812726616859436 74
1683961253703 0.5827876925468445 75
1683961263162 0.5785143375396729 76
1683961272922 0.5767366886138916 77
1683961282705 0.5758907794952393 78
1683961294083 0.5786335468292236 79
1683961303755 0.5747960209846497 80
1683961313255 0.5746226906776428 81
1683961324594 0.5728306174278259 82
1683961334264 0.5723006725311279 83
1683961343853 0.5728932619094849 84
1683961353888 0.569986879825592 85
1683961365171 0.5699131488800049 86
1683961374675 0.5678571462631226 87
1683961384327 0.5723341703414917 88
1683961395545 0.5679944157600403 89
1683961405453 0.5674304962158203 90
1683961417560 0.5683890581130981 91
1683961427618 0.5627374053001404 92
1683961437498 0.568482518196106 93
1683961447097 0.5680724382400513 94
1683961458712 0.5631681680679321 95
1683961468742 0.5625282526016235 96
1683961478967 0.5615881681442261 97
1683961489078 0.5630996227264404 98
1683961500070 0.5602115392684937 99
1683961511993 0.5570215582847595 100
