1683980594098 2.5363571643829346 1
1683980594695 2.4700865745544434 2
1683980595293 2.4402384757995605 3
1683980595890 2.4283432960510254 4
1683980596496 2.409813642501831 5
1683980597118 2.3990535736083984 6
1683980597717 2.391075849533081 7
1683980598316 2.377004861831665 8
1683980598911 2.36869478225708 9
1683980599509 2.3510422706604004 10
1683980600106 2.344167470932007 11
1683980600702 2.3363232612609863 12
1683980601299 2.3235371112823486 13
1683980601896 2.320986747741699 14
1683980602493 2.317807912826538 15
1683980603094 2.3179421424865723 16
1683980603691 2.3109676837921143 17
1683980604312 2.3133084774017334 18
1683980604910 2.320335626602173 19
1683980605507 2.306588649749756 20
1683980606104 2.3085994720458984 21
1683980606698 2.2943735122680664 22
1683980607293 2.3060851097106934 23
1683980607889 2.3058128356933594 24
1683980608483 2.301875591278076 25
