1683980708896 10.927576065063477 1
1683980709511 7.01591682434082 2
1683980710108 4.803646087646484 3
1683980710708 3.7649197578430176 4
1683980711313 3.2337026596069336 5
1683980711960 2.9520697593688965 6
1683980712599 2.8263816833496094 7
1683980713197 2.756028652191162 8
1683980713798 2.7121024131774902 9
1683980714428 2.687955856323242 10
1683980715044 2.6727216243743896 11
1683980715662 2.661034345626831 12
1683980716316 2.650740146636963 13
1683980716956 2.6412746906280518 14
1683980717555 2.633327007293701 15
1683980718166 2.6264917850494385 16
1683980718848 2.61824893951416 17
1683980719466 2.6121020317077637 18
1683980720057 2.603464126586914 19
1683980720647 2.589550256729126 20
1683980721238 2.5851967334747314 21
1683980721828 2.5726513862609863 22
1683980722445 2.5681228637695312 23
1683980723039 2.5593364238739014 24
1683980723628 2.548311471939087 25
